time_d pH Ptot_atm pH2_atm pCO2_atm pCH4_atm CH4_g_mol H2_g_mol CO2_g_mol SO4 Formate Acetate Ca
0.0 7.0 2.6676979858023593 0.0 2.6676979858023593 0.0 0.0 0.0 0.0 0.00036999999999999994 0.0 1.0000000000000004e-06 0.004099999999999999
0.96 5.876792283270613 80.11787801599887 9.105997023448458 1.98457388492667 69.0245022284383 0.7605452714504901 0.10033426905567455 0.02186699266630004 0.0003725873633817 0.00013883719512637643 1.69965524479689e-11 0.010170300060158774
1.92 5.875639928782135 80.1132040081625 9.102533039261626 1.9835091008813583 69.02435655119461 0.7605457853924421 0.10029638065902036 0.02185532125668655 0.00037259203583341993 0.00033126495419329464 2.305071073982921e-19 0.010245378573560802
2.88 5.874527732217872 80.10866166115753 9.099167819232928 1.982472393716638 69.02421570986291 0.7605462860593485 0.1002595715137664 0.02184395723659672 0.0003725966713867613 0.0005182111803961875 1.4255704274766246e-24 0.010318478566589911
3.84 5.873453917418876 80.104246479864 9.095897923012814 1.9814629142954865 69.02407949806374 0.7605467738394227 0.10022380408167511 0.021832891331747595 0.0003726012681038329 0.0006998665376625354 0.0 0.010389659812209809
4.8 5.872416927326278 80.09995478058873 9.092720517161391 1.9804799910397848 69.0239477364437 0.7605472490327067 0.10018904745884022 0.021822116212574114 0.00037260582097660633 0.0008763879923805231 0.0 0.01045896954630718
5.76 5.871415295120674 80.09578311081856 9.089632945413358 1.9795229947625144 69.02382025730411 0.7605477119189233 0.10015527267338911 0.021811625012217912 0.000372610327589764 0.0010479226965912885 0.0 0.010526452016488736
6.72 5.870447658031557 80.09172819121095 9.08663268948102 1.978591320168967 69.02369690429606 0.7605481627692543 0.10012245225489379 0.021801411122877822 0.0003726147826790178 0.0012146101787132775 0.0 0.010592149808626588
7.68 5.869512797325039 80.08778719088644 9.08371756966103 1.9776844549142305 69.0235775380595 0.7605486018115655 0.10009056243200486 0.021791468953915104 0.0003726191838102466 0.0013765711797133096 0.0 0.010656098959964755
8.64 5.868609415863354 80.08395675188468 9.080885022825818 1.9768017530939743 69.02346200911413 0.7605490293393218 0.1000595752316377 0.021781791448141127 0.0003726235237235703 0.0015339477807678607 0.0 0.010718344960315493
9.6 5.8677370472977035 80.08023696797878 9.078135042572084 1.9759433586081507 69.02335027350266 0.7605494452660931 0.10002949064817336 0.021772380206354774 0.0003726278077366689 0.0016867400227709853 0.0 0.010778877528355452
10.56 5.866893123895803 80.07661892882746 9.075460968787702 1.9751073340743095 69.02324201735557 0.7605498505141136 0.10000023588313384 0.021763214009869324 0.0003726320321897667 0.001835317640382159 0.0 0.010837833241149385
11.52 5.866077199679387 80.07310234841815 9.072862529983805 1.9742937092468478 69.02313719618255 0.760550245053564 0.09997180801707425 0.02175429320326065 0.0003726361923248926 0.0019796954740796294 0.0 0.010895209946159525
12.48 5.865288257257268 80.06968441983302 9.070337595168843 1.9735019268655356 69.02303569089365 0.7605506291420882 0.0999441837856483 0.021745611694215034 0.00037264028650232895 0.0021199916911962447 0.0 0.010951046897302653
13.44 5.864525439301861 80.06636337618015 9.067884792162024 1.9727316851411911 69.02293740819238 0.7605510029110836 0.0999173482313914 0.02173716619359985 0.0003726443179748911 0.002256282261561942 5.08631887342371e-25 0.011005365276912824
14.4 5.8637874560636405 80.06313485282853 9.065500852275624 1.9719820451491832 69.0228421905474 0.7605513668059505 0.09989126563290793 0.021728946420691713 0.0003726482832046614 0.0023887486201261588 0.0 0.011058231276719942
15.36 5.8630736622893895 80.05999739841361 9.063184656361354 1.9712527475231507 69.02274996483175 0.7605517209412405 0.09986592378763115 0.021720949546375184 0.0003726521811407815 0.0025174527507521934 0.0 0.011109663152741645
16.32 5.862383072776471 80.05694818050235 9.060934061709318 1.9705432154336462 69.02266061774493 0.7605520655843296 0.09984129929326234 0.02171316926075352 0.00037265600704837004 0.0026425135139532033 0.0 0.011159701551042803
17.28 5.861716097205394 80.05399004138702 9.058751129758456 1.9698541693040654 69.02257420984692 0.7605524003772084 0.09981741473768134 0.021705613475187294 0.000372659766056178 0.0027638162079909856 0.0 0.011208295570693217
18.24 5.861069480339186 80.05111003259177 9.056626256693228 1.9691826723452774 69.02249033201853 0.7605527267370592 0.09979416508213017 0.021698250000749996 0.00037266346095894096 0.0028818942981839665 0.0 0.011255652327089643
19.2 5.86044371210171 80.04831121124772 9.054561667107567 1.968529486626988 69.022409054888 0.7605530442850138 0.09977157469418411 0.02169108720374545 0.00037266708709981063 0.002996624040963581 0.0 0.011301718050786499
20.16 5.859838712339699 80.04559428210194 9.052557845254565 1.9678948340932843 69.0223303769487 0.7605533529050352 0.09974964890325884 0.021684127528946343 0.00037267064451481936 0.003107978379160505 0.0 0.011346477062784266
21.12 5.859252708010155 80.04295240169438 9.050609707500719 1.9672771750537938 69.02225407738337 0.7605536533378092 0.09972833211545488 0.021677354102975475 0.0003726741297210167 0.0032162396636383735 0.0 0.01139003789539627
22.08 5.8586849394382945 80.04038303139657 9.04871535249041 1.9666759634288848 69.02218006469691 0.760553945842373 0.09970760355152532 0.02167076094644695 0.0003726775549406101 0.003321513434137596 0.0 0.011432439038949808
23.04 5.858135327594864 80.03788648808714 9.046874990686717 1.9660913108638154 69.02210833361498 0.7605542303589365 0.09968746553559366 0.021664349291164644 0.0003726809109698302 0.0034237878982524817 0.0 0.011473672630697351
24.0 5.8576031031115985 80.03546029767936 9.045086765738251 1.9655226897942455 69.0220387936588 0.7605545071366149 0.09966789778110799 0.02165811336106623 0.00037268420106518037 0.003523166089132778 0.0 0.011513775824069483
24.96 5.857087684238472 80.03310253963006 9.043349238343998 1.9649696888153207 69.02197137476016 0.7605547763704485 0.09964888455981431 0.021652048651867813 0.00037268742632383124 0.003619727893743018 0.0 0.011552777621045984
25.92 5.856588444953488 80.03081104554627 9.041660787890878 1.9644318357637258 69.021906001057 0.7605550382850221 0.09963040815759762 0.0216461499924009 0.00037269058583657013 0.0037135632838452936 0.0 0.011590711308489913
26.88 5.856105755513252 80.02858816613197 9.040023125298978 1.963909716556557 69.02184272653685 0.7605552925901867 0.09961248731550888 0.021640423815068078 0.0003726936743170676 0.0038045770880015786 0.0 0.011627535560669443
27.84 5.855637290831927 80.02642407948649 9.038428987539856 1.9634010675980658 69.02178125505094 0.7605555403826596 0.09959504257698389 0.021634845302532898 0.000372696708343652 0.0038931728413644545 0.0 0.011663409958357757
28.8 5.855183470592132 80.02432107071941 9.036880045458625 1.9629064457272858 69.02172164417122 0.7605557813876502 0.09957809223778818 0.021629420565948354 0.00037269967802733175 0.003979257636352796 0.0 0.011698295259926368
29.76 5.854743803764113 80.02227753322875 9.03537509574741 1.9624255065942426 69.0216638347588 0.7605560157696754 0.09956162314868207 0.02162414583507487 0.0003727025838798811 0.004062898257765459 0.0 0.011732215721930124
30.72 5.854317718727107 80.02029134941976 9.033912561179386 1.9619577787769864 69.02160775764689 0.7605562437521264 0.09954561806282988 0.02161901594455354 0.00037270543075726317 0.004144182301136236 0.0 0.011765204582154798
31.68 5.8539048957639706 80.01836148644131 9.032491666922649 1.9615030426335165 69.02155337433176 0.7605564654411485 0.09953006851466442 0.021614028490107958 0.0003727082180832104 0.004223152767733977 0.0 0.011797277328353922
32.64 5.853504813788134 80.0164860946951 9.031111034004768 1.961060891064967 69.02150062108339 0.7605566810313744 0.09951495942926072 0.021609179012192878 0.0003727109490437952 0.0042998862205149155 0.0 0.011828462638670791
33.6 5.853117248836939 80.01466451239143 9.029770162071419 1.9606311877227132 69.02144947272508 0.7605568905850061 0.09950028534075898 0.02160446601908374 0.0003727136115808216 0.0043744104244326605 0.0 0.01185877014974063
34.56 5.852741445065346 80.01289364398951 9.028466759018917 1.9602132248853412 69.02139983325611 0.7605570944447546 0.09948602117784924 0.021599881752835563 0.0003727162229424041 0.004446852711901756 0.0 0.01188824974254786
35.52 5.852377169626888 80.0111727405847 9.027200262599575 1.959806843424248 69.02135167505625 0.7605572926855478 0.0994721607971507 0.02159542447155806 0.00037271877743694573 0.0045172442881176835 0.0 0.01191691264656911
36.48 5.852024027807267 80.00950040093619 9.02596962786143 1.959411734609347 69.02130495041288 0.7605574854540457 0.09945869277447057 0.021591090793149248 0.00037272127815477624 0.004585643174691476 0.0 0.011944780615228757
37.44 5.851681642229963 80.00787515488481 9.024773762908753 1.9590275668437038 69.02125961251637 0.7605576729113611 0.09944560516880406 0.0215868770836314 0.00037272372407594605 0.0046521100212254226 0.0 0.011971877034347402
38.4 5.851349704306444 80.00629583846765 9.023611802494713 1.9586540801758991 69.02121562248351 0.7605578551830686 0.0994328885202635 0.021582780494861266 0.0003727261171841469 0.004716692875115065 0.0 0.011998220236602986
39.36 5.851028436435788 80.00476391942806 9.022484814090747 1.958291640831922 69.02117301443214 0.7605580320846919 0.09942055452011184 0.02157880504710694 0.0003727284556880662 0.004779332362538402 0.0 0.012023784377478332
40.32 5.8507164047098374 80.0032727532932 9.02138790346784 1.9579386869515958 69.02113159945523 0.760558204378302 0.09940854961178015 0.02157493361126286 0.0003727307436909301 0.004840300481868284 0.0 0.012048679616743314
41.28 5.850413802755632 80.00182365683763 9.020322027983019 1.9575955482197598 69.02109140734704 0.7605583719010758 0.09939688428195671 0.02157116980677336 0.000372732982967037 0.004899543977060712 0.0 0.012072882681683467
42.24 5.850120404285719 80.00041573312605 9.019286521925393 1.9572620218070373 69.02105240962698 0.7605585347502781 0.09938555125042318 0.021567511410813815 0.00037273517340524564 0.004957099825874542 0.0 0.012096407885815829
43.2 5.8498358487780715 79.99904750714757 9.018280292994383 1.9569377705288025 69.02101456063399 0.7605586930900355 0.09937453856955054 0.021563954727253375 0.0003727373149754952 0.005013028708965524 0.0 0.012119279003973823
44.16 5.849559778571597 79.99771758011211 9.017302303195237 1.9566224775113548 69.02097781630992 0.7605588470719269 0.09936383488623728 0.02156049628296931 0.0003727394110194502 0.005067388285146164 0.0 0.01214151836778262
45.12 5.849292099178215 79.99642556799868 9.01635226768659 1.9563160563637891 69.02094216383128 0.7605589967379639 0.09935343708690116 0.021557135131551806 0.00037274145990121363 0.005120194372246912 0.0 0.012163132089585277
46.08 5.84903280544244 79.99517189150127 9.015430483363778 1.9560186262114856 69.02090760785964 0.7605591420278452 0.09934334843012001 0.021553872583043292 0.0003727434633605509 0.00517143042045777 0.0 0.012184111730385248
47.04 5.848781407917407 79.99395413979134 9.0145351779737 1.9557296148049392 69.02087408189428 0.7605592832187137 0.0993335495197986 0.021550702360602234 0.00037274541930204703 0.005221194940268199 0.0 0.012204497683989762
48.0 5.848537093126262 79.9927687416672 9.013663715932031 1.9554481906095234 69.0208414815503 0.7605594207157405 0.09932401151838632 0.021547615345869423 0.00037274733531702874 0.005269634385171253 0.0 0.01222434856267326
48.96 5.848300076315708 79.99161667505584 9.012816817148533 1.9551745844080102 69.02080983414228 0.7605595544075041 0.09931474230575021 0.021544614070479643 0.0003727492113129169 0.005316708743230359 0.0 0.012243648122965379
49.92 5.84807026289444 79.99049799583716 9.01199450906803 1.9549088311847642 69.02077913307528 0.7605596842743035 0.09930574219248113 0.02154169892184514 0.0003727510430614652 0.00536241643352882 0.0 0.012262393846917598
50.88 5.847847131917361 79.98941010528885 9.011194882513571 1.9546503121888883 69.02074930736885 0.7605598106158116 0.09929699028258933 0.021538863112598946 0.0003727528412342693 0.005406863582354577 0.0 0.012280629401046628
51.84 5.847631099098546 79.98835517680253 9.010419530532392 1.9543995507405387 69.02072041419514 0.7605599331776471 0.0992885040163914 0.021536112384780065 0.00037275458855046855 0.005449961620827063 0.0 0.012298317874149998
52.8 5.847421040395094 79.9873279022743 9.009664546918856 1.954155293183658 69.02069230490261 0.7605600525699883 0.09928024064400798 0.02153343298774835 0.00037275630059285906 0.0054919276576798045 0.0 0.012315547676187963
53.76 5.847217354901618 79.98633039105681 9.008931477355969 1.9539180481835174 69.02066503463594 0.7605601685447433 0.09927221708745357 0.021530830502830518 0.00037275798154889813 0.0055326757550841705 0.0 0.012332282927945852
54.72 5.847019549992082 79.98536033313184 9.008218621323392 1.953687271122526 69.0206385383359 0.7605602813668423 0.09926441473664349 0.021528298956632302 0.0003727596397008979 0.005572300427329935 0.0 0.012348562024907377
55.68 5.8468280287113625 79.98441972453705 9.007527444373723 1.9534634387065903 69.0206128699272 0.7605603908025917 0.09925684963390617 0.021525843579009506 0.000372761226574306 0.005610720205488169 0.0 0.012364351403184017
56.64 5.8466418853823985 79.98350446097616 9.006854922036329 1.9532455882300355 69.02058791195583 0.7605604973214074 0.09924948868236998 0.021523453811698443 0.00037276279753189394 0.005648103171971076 0.0 0.0123797188804381
57.6 5.846461110656792 79.98261435988093 9.006200923107565 1.953033671502629 69.02056366124827 0.7605606009467915 0.09924233044450718 0.021521129125529035 0.0003727643557310534 0.0056844566322159186 0.0 0.012394667879026168
58.56 5.846285980393749 79.98175102203854 9.005566617111882 1.9528280802593707 69.02054015742515 0.7605607014858572 0.09923538772625752 0.021518873819574725 0.0003727658375347373 0.005719715549526744 0.0 0.012409170822849949
59.52 5.846116026658124 79.98091220826362 9.004950357150676 1.9526282840812468 69.0205173384504 0.7605607991978038 0.09922864250347015 0.021516682075827888 0.0003727673076577843 0.00575397146247377 0.0 0.012423265049658898
60.48 5.845951178379222 79.98009763239028 9.004351930951717 1.952434218055233 69.02049519531654 0.7605608941138614 0.09922209245463308 0.02151455318286372 0.00037276874400297375 0.005787236162455783 0.0 0.012436955164813409
61.44 5.845790740543638 79.97930398527475 9.003768904209938 1.9522450991649611 69.02047363594815 0.7605609866164726 0.09921571093796186 0.021512478552002865 0.00037277016037096214 0.005819644951376838 0.0 0.012450296384355526
62.4 5.84563550532741 79.97853514721858 9.00320412793115 1.9520618511287062 69.02045276621016 0.7605610762536801 0.09920952915913739 0.021510468316432673 0.00037277152973306057 0.00585103935274204 0.0 0.012463223575391756
63.36 5.845484419587994 79.97778608400203 9.002653899619757 1.9518832815844374 69.0204324463568 0.7605611636073024 0.09920350659608204 0.021508509397183496 0.0003727728788917799 0.005881625158575108 0.0 0.012475820817202023
64.32 5.845337729391247 79.97705804777688 9.002119137793857 1.951709690664798 69.02041270997775 0.7605612485306771 0.0991976533034999 0.021506605087120222 0.0003727742002315183 0.005911351307355566 0.0 0.012488066945824737
65.28 5.845195441040212 79.97635118931554 9.001599950013942 1.9515411193670664 69.02039355928724 0.7605613310035303 0.09919197046125126 0.021504755836886522 0.00037277549383466765 0.005940211807433735 0.0 0.012499959061171143
66.24 5.845057595786439 79.97566571209339 9.00109648566106 1.9513776166603722 69.02037499942595 0.760561411001293 0.09918645970503671 0.021502962183857034 0.00037277675651329646 0.005968198353519287 0.0 0.012511493719237604
67.2 5.844923336145067 79.97499743554492 9.000605672118503 1.9512181888864581 69.02035691579364 0.7605614890092844 0.09918108740484162 0.021501213228066366 0.00037277799702701225 0.005995481736898294 0.0 0.012522740993610192
68.16 5.844793050805018 79.97434830505296 9.000128937480516 1.9510633008824516 69.02033936098128 0.7605615648003593 0.09917586919270716 0.021499514069102207 0.00037277921031086584 0.0060219825713916635 0.0 0.012533668107349944
69.12 5.844666552975147 79.97371753478456 8.999665701021485 1.9509127710613257 69.02032231139842 0.7605616384627052 0.09917079871504013 0.021497862715905126 0.00037278040015965657 0.006047733123231516 0.0 0.012544287852422425
70.08 5.844543831154768 79.97310500716793 8.999215877575164 1.9507665693438663 69.02030576471647 0.7605617100112805 0.09916587503902395 0.021496258838291118 0.00037278156349150295 0.006072738132197031 0.0 0.012554602366487415
71.04 5.844424616370066 79.97250953870127 8.99877859423733 1.9506244196906164 69.02028968627722 0.7605617795796897 0.09916108861311769 0.02149469940907646 0.00037278270441099047 0.006097046104569182 0.0 0.012564631099792325
72.0 5.8443088359781505 79.97193069890044 8.998353536205196 1.9504862169561328 69.02027406552061 0.7605618472201888 0.09915643599074138 0.02149318327451074 0.00037278382196810487 0.006120674546514849 0.0 0.012574381484283283
72.96 5.844196488870024 79.97136858059636 8.997940769058987 1.950351987311815 69.02025890352354 0.7605619129197696 0.09915191789165463 0.021491710722399686 0.0003727849161758313 0.006143619802587516 0.0 0.012583851665338241
73.92 5.844087351616547 79.97082214182242 8.997539525951913 1.9502214851529363 69.020244170689 0.7605619767973101 0.09914752592371383 0.02149027905890662 0.0003727859905248683 0.006165924491960397 0.0 0.012593058958198275
74.88 5.843981934414185 79.97029385635172 8.997151624811378 1.950095298430327 69.02022993509718 0.7605620385663391 0.09914327998471449 0.02148889473376283 0.0003727870363779095 0.006187487566257888 0.0 0.012601961915488598
75.84 5.843879029967687 79.96977785216004 8.996772750013449 1.949972031453592 69.02021603560149 0.7605620989081805 0.09913913283935803 0.02148754243671301 0.0003727880665051774 0.006208548908550954 0.0 0.01261065894702409
76.8 5.8437791051409755 79.96927641312308 8.996404579394067 1.9498522277880703 69.020202534845 0.7605621575580911 0.09913510285237224 0.021486228130698663 0.0003727890774540407 0.006229015255632611 0.0 0.012619111730776048
77.76 5.843682443887013 79.96879100328462 8.996048187210032 1.9497362391462894 69.02018947100335 0.7605622143423418 0.09913120178371183 0.02148495567450341 0.0003727900641764427 0.006248826884052854 0.0 0.012627295460102371
78.72 5.843588223270775 79.96831754855134 8.995700580507577 1.9496230941455823 69.02017673402361 0.7605622697369593 0.09912739687344994 0.02148371441195429 0.0003727910351372283 0.006268150165960095 0.0 0.01263527863842823
79.68 5.8434967076934505 79.96785741769295 8.995362763108936 1.9495131216793333 69.02016436005364 0.7605623235808951 0.09912369911036768 0.021482507951512818 0.00037279198139629564 0.006286929294913563 0.0 0.012643038075868994
80.64 5.843408020408242 79.96741116288388 8.995035142208827 1.9494064513026645 69.02015236456445 0.7605623758102018 0.09912011295084655 0.02148133771413672 0.0003727929196154565 0.006305141640610249 0.0 0.012650564625076981
81.6 5.843321724522592 79.96697671372263 8.994716194394304 1.9493025930749253 69.02014069034813 0.7605624266648247 0.09911662172166334 0.02148019832570828 0.00037279383771597304 0.006322871877264021 0.0 0.012657892848668077
82.56 5.843238410042642 79.9665570112069 8.994408079580145 1.949202249284078 69.02012941641219 0.7605624758004567 0.09911324906534456 0.02147909749066395 0.00037279473041742817 0.006339999936990308 0.0 0.012664973215119339
83.52 5.843157019413797 79.96614678323621 8.994106925874886 1.9491041613564466 69.02011840074134 0.7605625238335344 0.09910995260058857 0.021478021402003847 0.0003727956133671949 0.00635674105364726 0.0 0.012671894482907864
84.48 5.843078118002283 79.96574887249835 8.993814820442903 1.9490090091161103 69.02010771923766 0.7605625704305217 0.09910675517404552 0.021476977517870997 0.0003727964768156199 0.0063729792006704845 0.0 0.012678608710618494
85.44 5.843001351066242 79.96536150850037 8.99353046275995 1.9489163697706429 69.02009732459771 0.7605626157991907 0.09910364255021002 0.02147596120010384 0.0003727973240070543 0.0063887866739276615 0.0 0.01268514571520824
86.4 5.842927129926697 79.96498679290605 8.993255395218188 1.9488267473006426 69.02008727225889 0.7605626596917568 0.09910063161319113 0.02147497797793287 0.00037279815736203863 0.006404077727092146 0.0 0.012691469952916173
87.36 5.842854732834775 79.96462111946552 8.992986969481278 1.9487392804189276 69.02007746533624 0.7605627025303515 0.09909769337435256 0.021474018402667286 0.0003727989755401223 0.006418999579323315 0.0 0.01269764216268167
88.32 5.842784463088655 79.96426601536376 8.992726306678616 1.9486543344467817 69.02006794467245 0.7605627441358757 0.09909484010592634 0.021473086482174664 0.00037279977962542156 0.006433489906482742 0.0 0.01270363658307739
89.28 5.84271622312919 79.96392090256829 8.9924729844965 1.9485717679836885 69.0200586959167 0.7605627845776387 0.09909206718393909 0.0214721806647378 0.0003728005672855407 0.006447572193052042 0.0 0.012709463201434724
90.24 5.842649996564109 79.96358597289077 8.992227137284148 1.9484916374059689 69.02004972014282 0.7605628238274961 0.0990893760837427 0.021471301570492405 0.0003728013428737282 0.00646123894290558 0.0 0.012715118002565497
91.2 5.842585573840253 79.96325995436001 8.99198783611829 1.9484136303121222 69.02004098663431 0.7605628620391652 0.09908675663331246 0.02147044577088494 0.00037280210492503723 0.006474541818515134 0.0 0.012720623053290211
92.16 5.842523004945949 79.96294314223736 8.991755296912947 1.9483378191403362 69.02003250231765 0.7605628991761283 0.09908421119732808 0.021469614060980555 0.0003728028515606503 0.006487468810008571 0.0 0.012725973239303202
93.12 5.842462417634273 79.96263628295844 8.991530065061053 1.9482643863464488 69.02002428582276 0.7605629351497338 0.09908174574753248 0.021468808443080422 0.00037280358753977204 0.006499989589242348 0.0 0.012731155680179884
94.08 5.8424034384938315 79.96233743280979 8.991310715065636 1.9481928647298168 69.02001628600179 0.7605629701883592 0.09907934467885543 0.021468023791246425 0.00037280431047750174 0.00651218340760629 0.0 0.012736203335465981
95.04 5.842346088763109 79.9620466924106 8.991097320998287 1.948123278214919 69.02000850548592 0.760563004280002 0.09907700880242735 0.021467260368018465 0.0003728050170867826 0.006524046145906975 0.0 0.012741114518580243
96.0 5.842290589884223 79.96176527037103 8.990890767970118 1.948055919519742 69.02000097513267 0.7605630372814339 0.09907474780857767 0.021466521385293064 0.0003728057191813715 0.006535528590996794 0.0 0.01274586857750988
