time_d pH Ptot_atm pH2_atm pCO2_atm pCH4_atm CH4_g_mol H2_g_mol CO2_g_mol SO4 Formate Acetate Ca
0.0 7.0 1.9736760175586243 0.0 1.9736760175586243 0.0 0.0 0.0 0.0 0.0003700000000000001 0.0 1.0000000000000006e-06 0.0041
0.96 5.961872450205862 79.53977064057642 9.100064344905736 1.4629150199063472 68.97459539747629 0.7583734244841868 0.10005491036975633 0.01608470288206175 0.0003720675509991223 0.00013429040151353446 1.5088353554393506e-11 0.009028652311416247
1.92 5.960600186904396 79.53510286518664 9.096593640366875 1.4618619368898527 68.97445096477415 0.7583739332946753 0.10001702662553393 0.016073168709655004 0.0003720727301764124 0.0003266907718933825 6.729910053649167e-18 0.009103014968026221
2.88 5.9593737640829625 79.5305676569426 9.093222868269947 1.4608365683794902 68.9743114693633 0.7583744290351864 0.09998023255185445 0.01606193776867657 0.00037207786412964263 0.0005135569092472219 4.012916386546929e-22 0.009175421741890089
3.84 5.958190309929396 79.5261577299021 9.089946480599533 1.459837480134532 68.9741766064535 0.7583749123711767 0.09994446769591078 0.016050994380028695 0.00037208295233236903 0.0006951958357878724 0.0 0.009245973785943745
4.8 5.957048767957536 79.52187230163747 9.086763773220405 1.4588646936274505 68.97404627580111 0.7583753832640785 0.09990972447233878 0.01604033880715048 0.00037208798781546685 0.000871646076299997 0.0 0.009314669465056416
5.76 5.955947892835876 79.51770959243915 9.083673311528573 1.4579179861300593 68.9739203544963 0.7583758417936274 0.09987598731251762 0.016029968636242273 0.00037209296299977386 0.001042986702642613 0.0 0.009381524415740089
6.72 5.954885087919321 79.51366270997771 9.080669867947067 1.4569959680433646 68.97379856638833 0.7583762886068498 0.09984319923898864 0.016019868670881503 0.0003720978803753897 0.0012095070866091828 0.0 0.009446636651132288
7.68 5.9538584257681615 79.50972688737764 9.077749808345656 1.456097709799169 68.97368070754902 0.758376724131985 0.09981132065910192 0.01601002875075207 0.00037210273851996575 0.0013714083104881057 0.0 0.009510071728885967
8.64 5.952868328055899 79.50590593965853 9.07491587784289 1.455224216965544 68.97356684238443 0.7583771478597346 0.09978038160976174 0.016000459910757412 0.00037210752097392355 0.001528537836028419 0.0 0.009571758602191904
9.6 5.951911932601789 79.50219165499202 9.07216188644245 1.4543737744815406 68.97345666305009 0.7583775606016668 0.09975031459487592 0.01599114338558485 0.00037211224177985315 0.0016812384514901676 0.0 0.009631818243492199
10.56 5.95098755092289 79.49857918239702 9.069484171459258 1.453545376944471 68.97334998601845 0.7583779628283039 0.09972107968163081 0.01598206817665635 0.00037211688900501243 0.001829712975267588 0.0 0.009690321651639416
11.52 5.950095569031977 79.4950723887964 9.066885516498058 1.4527400442799385 68.97324687474256 0.7583783540257739 0.09969270732807382 0.015973245476060764 0.0003721214648585511 0.001973806721578825 0.0 0.009747196701386055
12.48 5.949232624812022 79.49165971519247 9.064357294832195 1.4519552202718287 68.9731469519672 0.7583787354207563 0.09966510339819135 0.015964647293929723 0.0003721259642139689 0.0021139977866129847 0.0 0.009802623895230565
13.44 5.948398484976345 79.48834229646363 9.06190027672623 1.451191279560795 68.97305020752474 0.7583791068151926 0.09963827635926786 0.01595627775055329 0.00037213039478451034 0.002250243168745898 8.364310726019159e-25 0.00985657668968314
14.4 5.947592342908599 79.4851184847104 9.059513186368944 1.4504479321860508 68.97295655896748 0.7583794683372942 0.0996122123284049 0.015948133682238536 0.0003721347492715098 0.002382613383225977 2.168319015568395e-24 0.009909075538389133
15.36 5.946812964715206 79.48198499874644 9.057193536560712 1.449724512876493 68.97286587711228 0.7583798202974628 0.09958688419460317 0.015940207813313366 0.0003721390283628081 0.0025112461232933195 1.1033133339828276e-22 0.009960167379271873
16.32 5.946059522225595 79.47894002164398 9.054939930958623 1.449020685901895 68.97277807678067 0.7583801628467058 0.09956227675468782 0.01593249647742978 0.0003721432291685007 0.002636218607187564 0.0 0.010009875882937148
17.28 5.945330922849654 79.47598062766616 9.052750154287201 1.4483358559746937 68.97269304238658 0.7583804962633509 0.09953836586217421 0.015924993164098473 0.0003721473536964025 0.0027576534712085996 0.0 0.010058243051227465
18.24 5.944626441699676 79.47310502172516 9.050622837399475 1.447669671767001 68.97261069903982 0.7583808207081539 0.0995151365997323 0.01591769403339334 0.0003721514016755206 0.0028756264848282575 0.0 0.010105293692621272
19.2 5.943945621238707 79.47031288876461 9.048557697684977 1.4470221411774182 68.97253100619936 0.7583811361675742 0.0994925859229272 0.01591059918316958 0.0003721553698841544 0.002990153112209902 0.0 0.010151027184440402
20.16 5.943286666469733 79.46759787382707 9.046550000161474 1.4463918459953438 68.97245376146772 0.7583814433234185 0.09947066215672098 0.01590369308264761 0.00037215926124674955 0.003101495800922538 0.0 0.010195543685931651
21.12 5.942649066405798 79.46495911447302 9.044599066985565 1.4457786503926253 68.97237891587173 0.7583817422325209 0.09944935793192153 0.015896974252648428 0.00037216307825376914 0.00320969198002473 1.413476429942143e-23 0.010238852749518995
22.08 5.942031958401311 79.46239406044236 9.042702979071912 1.445182015547563 68.97230637674114 0.7583820331500238 0.09942865232019388 0.015890436797072343 0.00037216682042968496 0.0033148479433320883 0.0 0.010280992411901805
23.04 5.941434897369463 79.459901826335 9.040861051114096 1.4446017863584888 68.97223609890955 0.7583823161452475 0.09940853786535912 0.0158840790238678 0.00037217048693478905 0.0034170015641414 0.0 0.010321973611427246
24.0 5.940857807846848 79.45748313289371 9.039073782231803 1.4440381831503324 68.9721680836235 0.7583825911020174 0.09938902004393639 0.01587790335460945 0.000372174076249409 0.0035161250335746567 0.0 0.010361780761054288
24.96 5.940298608296229 79.45513002102966 9.037335266246982 1.4434893918449183 68.97210209133299 0.7583828588996606 0.09937003437972866 0.015871889917626576 0.00037217759203950093 0.0036125458090160733 0.0 0.010400541978727766
25.92 5.939757165891038 79.45284287889226 9.03564576072926 1.4429555500710434 68.97203811492045 0.7583831194646925 0.09935158370975254 0.01586604022764681 0.0003721810371503256 0.003706249485390937 0.0 0.01043824751245137
26.88 5.939233540633065 79.45062266396208 9.034005950187346 1.4424369178464869 68.97197616734313 0.7583833726647365 0.09933367552876406 0.015860357139270285 0.0003721844066129212 0.0037971980064777657 0.0 0.010474878997098635
27.84 5.9387259787779625 79.44846281782819 9.032410964143216 1.4419320060558851 68.97191604917542 0.758383619221059 0.09931625666891034 0.015854824341057998 0.00037218770986232214 0.003885661393381582 0.0 0.010510541571052351
28.8 5.9382345649684725 79.44636420428878 9.030861423739756 1.4414410435434897 68.97185777424488 0.7583838590177655 0.09929933392853282 0.015849444344808304 0.00037219094100074277 0.003971605127597606 0.0 0.01054521908490513
29.76 5.937758564931672 79.44432446334211 9.029355563045096 1.440963515654178 68.97180126287296 0.758384092300945 0.09928288804070598 0.01584421151616506 0.00037219410389939203 0.004055127060717283 0.0 0.010578947860487293
30.72 5.937297661195505 79.44234284831073 9.027892812023902 1.440499278036852 68.97174648264848 0.7583843191359212 0.09926691279603746 0.015839124277737406 0.0003721971982037997 0.0041362587317900455 0.0 0.010611738083758407
31.68 5.93685161571515 79.44041887731231 9.026472797962258 1.4400482448316616 68.97169341017121 0.7583845395616134 0.09925140413829078 0.015834181692638342 0.0003722002226522418 0.004215020746572658 0.0 0.010643595816882477
32.64 5.936419225610229 79.43854799995135 9.025092143531209 1.4396093797281608 68.97164190826946 0.7583847540811615 0.09923632519788919 0.015829372408931047 0.00037220318393320036 0.004291600353510873 0.0 0.01067459423101644
33.6 5.936000180024388 79.4367293410947 9.023750188855931 1.4391825008090844 68.97159194348816 0.7583849627794992 0.09922166878084153 0.015824694436555715 0.00037220608116055704 0.004366034091655815 5.529607891903938e-25 0.010704746171593539
34.56 5.935594492802172 79.43496338523238 9.02244727761888 1.4387677426433252 68.97154352206121 0.7583851655871303 0.09920743865119763 0.015820149253273658 0.000372208913568924 0.004438302849811765 0.0 0.010734042136837861
35.52 5.935201261317469 79.43324680243443 9.021180936232536 1.4383643509877433 68.97149654157593 0.7583853628700092 0.09919360780757343 0.015815728597501136 0.0003722116824607948 0.004508543758482433 0.0 0.010762535372576147
36.48 5.9348205313959514 79.43158008799274 9.019951520478262 1.4379724575831705 68.97145100981082 0.7583855545618914 0.09918018014467377 0.015811433915418716 0.0003722143887686332 0.004576737043864107 0.0 0.01079021658628308
37.44 5.93445130608567 79.42995938014244 9.01875616742276 1.437591177567765 68.97140681245415 0.7583857410900534 0.09916712440480921 0.015807255513144877 0.00037221703729972976 0.004643041451273476 0.0 0.010817148256433057
38.4 5.93409342465664 79.42838439548126 9.017594655743471 1.4372204639493829 68.97136393435615 0.7583859224767792 0.09915443818160519 0.01580319287864384 0.0003722196266427553 0.00470746920484877 0.0 0.01084333369088785
39.36 5.9337464991354505 79.42685367196208 9.016465899350822 1.4368599851216448 68.97132233103183 0.7583860988805383 0.09914210961893843 0.015799242379706147 0.00037222215854619973 0.00477008052102805 0.0 0.010868796321344694
40.32 5.933410134475129 79.42536588304947 9.015368908472402 1.4365094477598264 68.97128195890309 0.7583862704447568 0.0991301279170196 0.01579540080459504 0.00037222463438742014 0.004830930249742575 0.0 0.010893556849881768
41.28 5.9330839985398525 79.42391985555801 9.01430280920625 1.4361685894606118 68.97124278097375 0.758386437295589 0.09911848353813993 0.015791665279672157 0.0003722270553273481 0.004890066831536358 0.0 0.010917633808763157
42.24 5.932767840653934 79.42251478707801 9.013267000984401 1.4358372354373303 68.97120477009923 0.7583865995149032 0.09910716992974614 0.01578803389143431 0.0003722294215988847 0.004947523545871911 0.0 0.01094103953890917
43.2 5.932461722216468 79.42115127838312 9.012261917454023 1.4355155423799333 68.97116793672966 0.7583867570245975 0.0990961918364914 0.015784508359278953 0.00037223173306452726 0.00500327629922098 0.0 0.010963762965877925
44.16 5.932165065886045 79.41982687940457 9.011285748246786 1.435202939071853 68.9711322121883 0.7583869101030519 0.09908552948874198 0.015781082424287933 0.0003722339878835318 0.005057425497414572 0.0 0.010985844449975817
45.12 5.931877001216456 79.41853825212692 9.010336018931579 1.4348986605724914 68.97109749753186 0.758387059122272 0.0990751558702653 0.015777747706153027 0.0003722361987649806 0.005110108341433353 0.0 0.011007337977093
46.08 5.931597627178197 79.41728578698546 9.00941301717415 1.4346027988704018 68.97106380357611 0.7583872040357156 0.09906507412387576 0.015774505213342137 0.00037223835847526737 0.005161308876526005 0.0 0.01102823708394033
47.04 5.931327568179987 79.41607270739836 9.00851910744482 1.434316133512683 68.97103120991834 0.7583873444621538 0.09905531008589759 0.015771363491809475 0.0003722404646862581 0.005210895892265711 0.0 0.011048486686494646
48.0 5.9310647164521155 79.41488970925234 9.007647428675572 1.4340364735008955 68.9709994638141 0.7583874814700655 0.09904578881725737 0.015768298530263788 0.0003722425289683296 0.00525924997072198 0.0 0.011068241534778655
48.96 5.930810543141774 79.41374351826911 9.006802933211851 1.4337654144102907 68.97096874354702 0.7583876142785876 0.09903656441595306 0.015765327816614876 0.0003722445416908086 0.0053060963773832424 0.0 0.011087388946063344
49.92 5.930563425609397 79.41262721536367 9.00598051295349 1.4335013363361189 68.97093885749445 0.7583877436812061 0.09902758109438527 0.015762433599414673 0.00037224651374636247 0.005351718430781791 0.0 0.011106043303373291
50.88 5.930324189844235 79.41154443065618 9.005182843840553 1.4332450956516014 68.97090990373785 0.7583878692548095 0.0990188680811393 0.015759625264181405 0.00037224843712465184 0.005395967697149858 0.0 0.011124144156042027
51.84 5.930091724323902 79.41049053153 9.004406503086074 1.4329956122185956 68.97088175221145 0.758387991528428 0.09901038799705394 0.015756890975026135 0.00037225032056532854 0.005439034006467634 0.0 0.011141767761895365
52.8 5.929866600062322 79.40946813922854 9.003653419985227 1.4327535089787793 68.97085447210938 0.758388110197122 0.09900216191795312 0.01575423755980603 0.000372252159173472 0.005480810328344582 0.0 0.01115887013784901
53.76 5.929647883943736 79.408473269374 9.002920653196012 1.4325178529746807 68.97082795304146 0.7583882257161442 0.09899415771989353 0.015751654794798783 0.00037225395990031534 0.005521459804717654 0.0 0.011175517163590897
54.72 5.929435675780187 79.40750644388089 9.002208584924023 1.4322887714138894 68.97080220754074 0.758388338022278 0.09898637958015204 0.015749144074838236 0.00037225571800760237 0.005560961223456782 0.0 0.011191699861488663
55.68 5.929230117409162 79.40656846520089 9.001517801873096 1.4320664612500593 68.97077725444485 0.7583884470182451 0.09897883391104136 0.01574670755950765 0.0003722574359171339 0.005599282020701162 0.0 0.011207404317743495
56.64 5.929030223701075 79.4056549701247 9.000845087220522 1.431849894135479 68.970752975389 0.7583885532063259 0.09897148557696624 0.015744333978943106 0.0003722591187001703 0.00563660063389795 0.0 0.011222703161086946
57.6 5.928836829486728 79.40476987589994 9.000193322704492 1.4316400034735925 68.97072947275133 0.7583886561299078 0.0989643660593161 0.01574203356405765 0.0003722607597764334 0.005672757186520144 0.0 0.011237530467544622
58.56 5.928648973928772 79.40390895185033 8.999559388670306 1.4314357929438335 68.97070663151216 0.7583887562756223 0.09895744128413281 0.015739795396060866 0.00037226236696286173 0.00570792472331197 0.0 0.011251956598226137
59.52 5.928466401318374 79.40307104029327 8.9989424318653 1.4312369891742125 68.97068442052988 0.7583888537776139 0.09895070193168454 0.015737616479017818 0.00037226393940959954 0.005742150577295156 0.0 0.01126600087144201
60.48 5.928289277089096 79.40225695294515 8.998343048255741 1.431043787396677 68.97066286037622 0.7583889485394857 0.09894415451374329 0.01573549895318182 0.00037226547540742826 0.005775401679925179 0.0 0.011279649502802153
61.44 5.928117828569237 79.4014680887568 8.997762259382625 1.430856533388713 68.97064198274998 0.7583890403900528 0.09893781019559787 0.015733446610016508 0.0003722669769588346 0.005807621325478929 0.0 0.011292878038079577
62.4 5.927950905296536 79.40069905220335 8.997196094759845 1.430673943147019 68.97062164624192 0.7583891299596028 0.09893162560416309 0.015731445376368208 0.0003722684481616443 0.005839029788224932 0.0 0.011305777187831626
63.36 5.927789648612712 79.39995511143829 8.996648432275794 1.4304972686185315 68.97060198954372 0.7583892166334663 0.09892564310115749 0.015729508974137555 0.0003722698823491686 0.005869411935859791 0.0 0.01131825853638104
64.32 5.927632902023808 79.399231212516 8.996115544660235 1.4303253203192197 68.97058287507967 0.7583893009936152 0.09891982197593402 0.01572762436757526 0.00037227128663233253 0.005898974515310139 0.0 0.011330406071235297
65.28 5.9274807888221455 79.39852787547152 8.995597815345029 1.4301582204297194 68.97056431731409 0.7583893829810298 0.09891416641674422 0.01572579289580083 0.00037227266034714696 0.005927696259548689 0.0 0.011342211177312342
66.24 5.927333097251908 79.39784422237716 8.995094595782785 1.4299957646509447 68.97054629109448 0.758389462694514 0.09890866934127501 0.015724012320195595 0.000372274004604097 0.005955613135895934 0.0 0.011353688279533883
67.2 5.927189380964796 79.39717823521615 8.994604399076811 1.4298374755328647 68.97052874260406 0.7583895403683308 0.09890331450808808 0.015722277408074272 0.0003722753223663337 0.005982807627501122 0.0 0.011364871101170114
68.16 5.927050299312107 79.3965330421643 8.994129525748976 1.4296840997310944 68.97051175305533 0.7583896156354697 0.09889812704938275 0.015720596343533566 0.00037227660915096106 0.006009152101030041 0.0 0.011375706904922692
69.12 5.926914825343556 79.39590393568584 8.993666509405672 1.4295345204638992 68.97049519775126 0.7583896890441846 0.09889306909993523 0.01571895688652502 0.0003722778708999822 0.006034838855750553 0.0 0.011386274567821833
70.08 5.9267834330806375 79.39529319385983 8.993217024913667 1.4293892826827854 68.97047913510582 0.7583897603260421 0.09888815895759893 0.015717365010402946 0.00037227910617467034 0.00605977496606366 0.0 0.01139653559720969
71.04 5.926655916662509 79.39469991148995 8.99278040456789 1.429248173293981 68.97046354065353 0.7583898295852798 0.09888338932952226 0.015715818379893397 0.00037228031491733115 0.006083997469260374 0.0 0.011406505043464576
72.0 5.926532153467767 79.39412345435197 8.992356182842766 1.4291110394865303 68.9704483984684 0.7583898968972301 0.09887875512974137 0.01571431531997692 0.00037228149618523626 0.006107532196637809 0.0 0.011416193713230249
72.96 5.926412278902665 79.3935647051753 8.991945003568796 1.428978100738323 68.97043372800997 0.7583899621532395 0.09887426339579827 0.01571285823736797 0.00037228265320728474 0.006130343405777534 0.0 0.011425586079630422
73.92 5.926295852242749 79.39302150935548 8.991545283049337 1.4288488409698112 68.97041947430871 0.7583900256071099 0.09886989682599398 0.01571144147525797 0.0003722837852478407 0.006152518965859833 0.0 0.011434718610452064
74.88 5.926182455056373 79.39249200802763 8.991155651399994 1.4287228215037555 68.970405586923 0.75839008747326 0.09886564045747379 0.01571006022594295 0.00037228489597929864 0.0061741348649155025 0.0 0.011443622282059822
75.84 5.926072453500005 79.3919779190459 8.990777372313747 1.4286004517859245 68.9703921106875 0.7583901475505112 0.09886150809536225 0.015708718977324967 0.00037228598462283214 0.006195120994635397 0.0 0.011452268179297082
76.8 5.925966142328358 79.39148062791672 8.990411464821635 1.428482062187563 68.97037908180246 0.7583902056765859 0.0988575108720735 0.015707421350614793 0.00037228704595037627 0.006215420820169154 0.0 0.01146063297172358
77.76 5.925862414662113 79.39099509107773 8.990054214816803 1.4283664568669414 68.97036636629056 0.758390262438093 0.09885360821640447 0.015706154239200083 0.0003722880895992265 0.006235240380723427 1.3811585577224967e-23 0.011468801108510177
78.72 5.925761673680853 79.39052318311239 8.989707001814201 1.4282540820223821 68.97035401315385 0.7583903176160672 0.09884981519866115 0.01570492253376142 0.0003722891126038538 0.006254503142939201 0.0 0.011476741079899188
79.68 5.925664464588617 79.39006742837978 8.98937168343141 1.4281455379663706 68.97034208899957 0.7583903709159694 0.09884615211143266 0.015703732814092913 0.00037229011038319797 0.0062731060527475195 0.0 0.011484410494088703
80.64 5.925570005993089 79.38962429322869 8.989045657013033 1.4280399879033905 68.97033049937032 0.7583904227475994 0.0988425905250552 0.015702575908901353 0.00037229108871044434 0.006291193488295489 0.0 0.01149186844095816
81.6 5.925478049390163 79.38919259714369 8.988728054265897 1.4279371502581144 68.97031921353857 0.7583904732492888 0.09883912095406512 0.015701448731917332 0.00037229204927639544 0.006308813622209117 0.0 0.011499134812926503
82.56 5.925388719942968 79.38877293058873 8.988419309254262 1.4278371659147373 68.97030824706064 0.7583905223524651 0.09883574814045538 0.015700352827412917 0.0003722929910261925 0.0063259423733297805 0.0 0.01150619966195679
83.52 5.925302108258735 79.38836579422532 8.988119788735363 1.4277401570987736 68.97029761164325 0.7583905699958261 0.09883247609221821 0.01569928953542473 0.00037229391403780995 0.006342559386241942 0.0 0.01151305434905798
84.48 5.9252178111998575 79.38796926491638 8.987828078369677 1.4276456646173408 68.97028725755108 0.7583906164054379 0.09882928935837448 0.01569825382278087 0.0003722948201176365 0.0063587431296103615 0.0 0.011519731312673786
85.44 5.925136193516217 79.38758508834718 8.987545461608216 1.4275541057593104 68.97027722984782 0.7583906613761332 0.09882620196040783 0.015697250263476677 0.00037229570693965273 0.006374422395789963 0.0 0.011526201079030358
86.4 5.9250567020916405 79.38721071643367 8.987270062709703 1.4274648752484378 68.97026746128574 0.7583907052049522 0.09882319340804992 0.01569627222344848 0.00037229657834977014 0.006389701243824043 0.0 0.01153250639395876
87.36 5.924979359636518 79.38684621189911 8.987001928766265 1.4273779866101342 68.97025795397907 0.7583907478851274 0.0988202642152489 0.01569531985081603 0.00037229743368561314 0.006404577064596041 0.0 0.011538646309685542
88.32 5.924904593324369 79.38649368137348 8.986742607144079 1.4272939455061147 68.97024876166677 0.7583907891684173 0.0988174312875561 0.015694398688479935 0.00037229827111565203 0.006418964003171657 0.0 0.011544585102420245
89.28 5.9248318444403365 79.38615048562313 8.986490156677432 1.4272121226534769 68.97023981538236 0.7583908293636747 0.09881467341915552 0.015693501838991642 0.0003722990942223993 0.006432969752964138 0.0 0.011550367220584869
90.24 5.924761016077242 79.38581615049361 8.986244228660185 1.4271324043776694 68.9702311033209 0.7583908685269257 0.09881198680001971 0.015692628056288103 0.0003722999029016131 0.00644661366407248 0.0 0.0115560006973018
91.2 5.924692220520403 79.38549123180125 8.98600523158634 1.427054924370778 68.9702226391487 0.758390906591285 0.09880937589368498 0.01569177880594964 0.00037230069719210006 0.006459873067865358 0.0 0.011561476087809193
92.16 5.924625929894284 79.38517800175848 8.985774835537708 1.426980226105976 68.97021448167592 0.7583909432906726 0.09880685894547386 0.01569096004512851 0.00037230147269283606 0.006472655306436602 0.0 0.011566755004124615
93.12 5.924561389141554 79.38487290636414 8.98555042628739 1.426907462503535 68.97020653796223 0.7583909790403442 0.09880440739673388 0.015690162489127704 0.0003723022355531867 0.006485105413774851 0.0 0.01157189727484505
94.08 5.924498498124548 79.38457545249744 8.9853316413897 1.426836515255252 68.97019879560865 0.7583910138991601 0.09880201728766552 0.015689384841132005 0.00037230298605198727 0.0064972435005301275 0.0 0.011576911259945085
95.04 5.924437389695373 79.38428630591417 8.985118969633545 1.4267675445856056 68.97019127139997 0.7583910477881868 0.09879969395869234 0.01568862885752731 0.00037230372396302624 0.0065090424452797935 0.0 0.011581785639575144
96.0 5.924378016161374 79.38400523492362 8.984912240770562 1.4267004951093494 68.97018395926384 0.7583910807342776 0.09879743554996478 0.01568789393124059 0.00037230444886011147 0.006520511693402036 0.0 0.01158652432758701
