time_d pH Ptot_atm pH2_atm pCO2_atm pCH4_atm CH4_g_mol H2_g_mol CO2_g_mol SO4 Formate Acetate Ca
0.0 7.0 1.8751561592498989 0.0 1.8751561592498989 0.0 0.0 0.0 0.0 0.00037000000000000775 0.0 9.999999999999993e-07 0.004099999999999998
0.96 5.967349750689163 79.44971308360776 9.099601939605629 1.3791512469581926 68.96982361193433 0.7580598984650928 0.10001538297704465 0.015158502653552447 0.00037116515891938965 0.00012965617544577002 8.898673662556832e-12 0.009339946268209413
1.92 5.9661130405675635 79.44499512471228 9.096102543821202 1.378071707061329 68.96968436518303 0.7580604230358405 0.09997719151262406 0.015146678295597606 0.00037117369498896235 0.0003236271039819731 7.194033934361064e-19 0.009416235060149415
2.88 5.964921340232338 79.44041200932352 9.092704443026 1.3770209626336536 68.96954988012877 0.7580609339079324 0.09994010449257237 0.015135169052992593 0.0003711820511623987 0.000511988476254779 1.5960147616019486e-23 0.009490489424537469
3.84 5.96377199080718 79.43595701430074 9.089402526541503 1.3759976747080906 68.96941988274835 0.7580614317057014 0.0999040662416654 0.015123960286829123 0.00037119023443696954 0.0006950230676886373 0.0 0.00956280391981026
4.8 5.962664243900578 79.43163053583973 9.086196970786073 1.3750021221086253 68.9692943138063 0.7580619162668153 0.09986907878060264 0.015113055076644417 0.0003711982397572637 0.0008727206230464557 0.0 0.009633158787360851
5.76 5.961595710857743 79.42742629749493 9.08308301914832 1.374033033431936 68.96917292439399 0.7580623881861597 0.09983509028231434 0.015102439519125689 0.00037120607083895055 0.0010453443754737239 0.0 0.009701643830571906
6.72 5.960564366892531 79.42333929563402 9.080056863600323 1.3730894190032452 68.96905550817232 0.7580628479214294 0.09980205926560128 0.01509210279528972 0.00037121373526073463 0.0012131050093937468 0.0 0.009768328933887162
7.68 5.959569355589816 79.41936882582904 9.077117890372223 1.372171264073526 68.96894198903779 0.7580632954581268 0.09976997910656236 0.015082044763643459 0.0003712212280810796 0.0013760361759690676 0.0 0.009833215105422533
8.64 5.9586101715527775 79.41551530771433 9.07426632700204 1.3712787998930527 68.96883232770897 0.7580637306644888 0.09973885235891168 0.015072267975941463 0.00037122854416431694 0.0015341249178289977 0.0 0.009896285991098411
9.6 5.957683731212104 79.41176929057275 9.071495085457338 1.37040998970906 68.96872619766202 0.7580641545127387 0.09970860172808362 0.015062750139986175 0.00037123569949820635 0.0016877638052450678 0.0 0.009957685434343793
10.56 5.956788464517814 79.40812623924366 9.068800748566584 1.3695638822965168 68.96862343182747 0.7580645674524431 0.09967918996641609 0.015053480849310255 0.0003712426978968896 0.0018371420299026454 0.0 0.01001748067776385
11.52 5.955923845194549 79.40458618519921 9.066183269103307 1.3687405982829366 68.96852398815184 0.7580649694079624 0.09965061661630828 0.015044461440735875 0.0003712495358674002 0.00198226192355017 0.0 0.01007566316633621
12.48 5.955088838731575 79.40114691056372 9.063640941744708 1.3679397263863389 68.96842776515273 0.7580653605653862 0.09962286311562718 0.015035687422781715 0.0003712562136202958 0.00212321777013035 0.0 0.010132261943488876
13.44 5.954282294795872 79.39780557665729 9.061171607915984 1.3671607033394826 68.9683346457627 0.7580657411871373 0.09959590595118648 0.015027152637881255 0.0003712627353276502 0.0022601289995821667 0.0 0.010187316795937804
14.4 5.953502993307923 79.39455898069735 9.058772842570193 1.366402875950419 68.96824450519766 0.7580661115787688 0.09956971869763626 0.015018849942552988 0.000371269103911617 0.0023931298299376103 0.0 0.010240873859619469
15.36 5.952750825984897 79.3914082993673 9.056445463561287 1.3656666015593353 68.96815734490595 0.7580664715536105 0.0995443103265344 0.01501078326319325 0.0003712753148019692 0.00252217470668419 0.0 0.010292907876911497
16.32 5.952022938090644 79.38834318900913 9.054181780481429 1.3649495432513887 68.96807284802921 0.7580668222433121 0.09951959692240832 0.01500292700736518 0.0003712813854935981 0.002647689830855306 0.0 0.010343583977274627
17.28 5.951319503011218 79.38536580287604 9.051983339305174 1.3642522754340392 68.9679910474504 0.7580671633564281 0.09949559539971117 0.014995287478113514 0.00037128730904283823 0.0027695893059481377 0.0 0.010392861561627442
18.24 5.950639904403617 79.38247484957446 9.049849146104382 1.3635745613324497 68.96791188235409 0.7580674950000282 0.09947229494242499 0.014987862090434628 0.00037129308376860205 0.0028879280749810076 0.0 0.010440757364022111
19.2 5.949983340066274 79.37966861481246 9.047777885785722 1.3629160783377854 68.96783527598821 0.7580678173211095 0.09944968123251563 0.01498064732010283 0.00037129872009931687 0.003002778859749701 0.0 0.01048729413415882
20.16 5.949347321717757 79.37693736720287 9.045762346997527 1.3622745894218133 68.96776094489985 0.7580681314078067 0.09942767556329385 0.01497361866358349 0.0003713042262660657 0.0031145414096273413 0.0 0.010532629988934965
21.12 5.948732302088165 79.3742842563439 9.043804818338337 1.3616508914116543 68.96768895332548 0.7580684368618755 0.09940630295111656 0.014966784859300237 0.00037130959784778333 0.003223088677906484 0.0 0.010576708603541339
22.08 5.948137670240343 79.37170770840935 9.041904107285964 1.3610446652706802 68.96761923887838 0.75806873383291 0.09938555040322884 0.014960142418726018 0.0003713148345095193 0.0033284866606908417 0.0 0.01061955252312134
23.04 5.947562011198595 79.36920270162975 9.040056476926488 1.3604547809231469 68.96755164651886 0.7580690228668929 0.0993653771451384 0.014953678966557462 0.000371319947202547 0.0034309424493934376 0.0 0.01066124159543167
24.0 5.947005102331467 79.36676917499913 9.038261855680574 1.3598812670364167 68.96748615810363 0.7580693039439198 0.0993457824184013 0.0149473948229478 0.0003713249317767007 0.0035304599039841377 0.0 0.010701773796764498
24.96 5.9464668272330785 79.36440757732046 9.036520547071042 1.3593242737216318 68.96742276877004 0.7580695769845195 0.09932676956050947 0.014941291638830302 0.0003713297894629471 0.0036270220807311597 0.0 0.010741138512420647
25.92 5.9459454965716665 79.36211140659319 9.034827730674314 1.358782308920645 68.96736128869568 0.7580698427149543 0.09930828596010013 0.014935353070870272 0.0003713345308596923 0.0037208961877146832 8.494866753277612e-24 0.010779441176652289
26.88 5.945441152912239 79.35988157104784 9.033184055554637 1.358255620973514 68.96730172870588 0.7580701010071137 0.09929033872247336 0.014929581844999085 0.00037133915200850994 0.003812046145738111 0.0 0.010816664247204903
27.84 5.9449526198285465 79.35771367380094 9.031586257887467 1.3577432075693792 68.96724395783967 0.7580703523482946 0.09927289222941507 0.014923966983392397 0.00037134366123470517 0.003900652857214665 0.0 0.010852878548664017
28.8 5.944479539135701 79.35560682144778 9.030033659561417 1.3572448891826303 68.96718794025979 0.7580705968218153 0.09925593909311674 0.01491850652323018 0.0003713480594844582 0.0039867538489356735 0.0 0.010888096767909732
29.76 5.944021599777949 79.35356029984118 9.028525715178493 1.356760527043354 68.96713364592544 0.7580708344915718 0.09923947337407461 0.014913198948119509 0.0003713523473052549 0.004070379292121728 0.0 0.010922328710475368
30.72 5.943578706302178 79.3515743071804 9.027062553706335 1.3562901964376426 68.96708106875901 0.7580710653178222 0.09922349649626097 0.014908045087045293 0.0003713565230437353 0.004151521961099856 0.0 0.010955569057779207
31.68 5.943149780613614 79.34964468776231 9.025641094723811 1.3558329427339861 68.96703008791648 0.758071289763224 0.0992079748381543 0.01490303448319915 0.00037136059502514 0.004230352614928214 0.0 0.010987885264357953
32.64 5.94273462772281 79.34777111771538 9.02426108449995 1.355388713879956 68.96698068527009 0.758071507852 0.09919290564280234 0.014898166569700076 0.0003713645639757586 0.004306885261678966 0.0 0.011019281009595731
33.6 5.94233209975871 79.34594890911599 9.02291905637451 1.354956420268488 68.96693272896069 0.7580717201149848 0.09917825106721795 0.014893429409597545 0.00037136843582702726 0.004381312101022703 0.0 0.011049833298221555
34.56 5.941942532502237 79.34418012138833 9.02161651255669 1.3545365738316006 68.96688626432321 0.7580719262967305 0.0991640275273226 0.014888828615952369 0.0003713722089253265 0.004453549764195372 0.0 0.011079505947747842
35.52 5.941564769277142 79.34245986459032 9.020349841651823 1.3541280303820453 68.96684115679498 0.7580721269573024 0.09915019559649578 0.014884351652894708 0.0003713758885563399 0.004523798495131029 0.0 0.011108379828537624
36.48 5.9411990636006875 79.34078981099401 9.019120261605215 1.3537312091239069 68.96679744153674 0.7580723218894895 0.09913676858661745 0.01488000311724976 0.0003713794733713301 0.004591990689886934 0.0 0.011136425307134266
37.44 5.940844597429207 79.33916671214874 9.017925367736117 1.3533453586484772 68.9667550260415 0.7580725114582562 0.09912372024880425 0.014875774777509341 0.0003713829703389618 0.00465825966194421 0.0 0.011163695477778277
38.4 5.940501613657209 79.33759191088636 9.016766141772948 1.3529708093805057 68.96671394102775 0.7580726954996798 0.09911106131045394 0.014871670256440981 0.00037138637511790367 0.004722550936046055 0.0 0.011190167008451076
39.36 5.9401691914102015 79.33606183930705 9.015639941004387 1.352606738951478 68.96667408351024 0.7580728744145583 0.0990987629256107 0.014867680545384829 0.00037138969500646727 0.004785011012590942 0.0 0.011215897984010752
40.32 5.939846839876951 79.33457430306511 9.01454514737277 1.3522526299781095 68.9666353945 0.758073048457017 0.09908680742862674 0.014863799975607122 0.0003713929322032006 0.004845729618031491 0.0 0.011240924998204846
41.28 5.939534641732109 79.33313015891113 9.01348237947095 1.3519087055597003 68.96659788906463 0.7580732175125838 0.09907520158374289 0.014860030994383336 0.0003713960870790382 0.004904672399118741 0.0 0.011265232269806654
42.24 5.939232007984349 79.33172693075484 9.012449808362133 1.3515743869882508 68.96656149865547 0.7580733818662485 0.09906392542512103 0.014856367261539173 0.00037139916249887017 0.004961940761561704 0.0 0.01128886070215997
43.2 5.938938131592355 79.33036119659937 9.011444907703826 1.351248872164092 68.96652612957665 0.758073541910669 0.09905295137081016 0.014852799988825036 0.0003714021659834457 0.005017674788348538 0.0 0.011311866975020214
44.16 5.938653594778222 79.32903593882739 9.010469864690963 1.3509328835379424 68.96649185466175 0.7580736972874761 0.09904230331200325 0.014849337095055207 0.0003714050900690027 0.0050717531451641195 0.0 0.011334200034022997
45.12 5.938377887172325 79.32774897141284 9.009523065661496 1.3506259083577965 68.96645861421003 0.7580738482485088 0.09903196363160707 0.014845972962356511 0.0003714079404374456 0.005124265308364584 0.0 0.011355896122774711
46.08 5.938111083468885 79.3265009745335 9.008605002823185 1.3503281222001775 68.96642642062413 0.7580739947057316 0.09902193771178994 0.014842709516645756 0.00037141071469136313 0.005175183945076319 0.0 0.011376942826056903
47.04 5.937851953402794 79.32528647307105 9.007711641521345 1.3500382298543874 68.96639512843865 0.7580741372934062 0.09901218149681916 0.014839532565177007 0.0003714134236943254 0.005224732802441043 0.0 0.011397431669682032
48.0 5.937600387075537 79.32410505759138 9.006842677406533 1.349756138635595 68.96636472523409 0.7580742760582416 0.09900269166658797 0.014836441093143877 0.0003714160677641017 0.0052729287464673745 0.0 0.011417369214557684
48.96 5.937356785920219 79.3229588316046 9.005999652047924 1.3494823597255494 68.96633526183605 0.7580744107471454 0.09899348506064586 0.014833440703817941 0.00037141864210433285 0.005319686256187402 0.0 0.011436719335610511
49.92 5.937120710075623 79.3218459431327 9.005181198047651 1.3492164596649534 68.96630668704657 0.7580745415713941 0.0989845467506883 0.014830526648097794 0.00037142115072996034 0.005365081149332199 0.0 0.011455512663098551
50.88 5.936891399768499 79.32076294874736 9.004384779118562 1.3489576215369314 68.96627891051068 0.7580746689324821 0.09897584904124268 0.014827689974114064 0.00037142359919473594 0.0054092540853143715 0.0 0.01147380693216794
51.84 5.936669091979252 79.31971128647473 9.003611445410206 1.3487062011591184 68.96625196432429 0.7580747926532131 0.09896740340687873 0.014824934582846125 0.0003714259884863026 0.005452146787975881 0.0 0.011491576982092001
52.8 5.9364534820871855 79.31868955356028 9.002860163908933 1.34846186552029 68.96622581170585 0.7580749128971631 0.09895919856799588 0.014822256825277123 0.0003714283178902933 0.005493816546289637 0.0 0.01150884635968612
53.76 5.936244566214666 79.31769787473002 9.002131022607362 1.348224650327617 68.9662004536797 0.7580750296482041 0.09895123548899502 0.014819657093609093 0.0003714305869040343 0.005534258465156687 0.0 0.011525612543301936
54.72 5.93604195140424 79.31673455873766 9.001422773769177 1.3479941578907337 68.96617584435774 0.7580751430985991 0.09894350054625958 0.01481713103026682 0.0003714327993353553 0.005573541734671457 0.0 0.011541903634828075
55.68 5.93584550136005 79.31579907461419 9.000735024053604 1.347770266042153 68.96615196825499 0.7580752533076017 0.0989359894468083 0.014814677297089298 0.00037143495567917314 0.005611688159362113 0.0 0.011557728270178615
56.64 5.935655138261325 79.31489121793966 9.000067619126364 1.3475529323297954 68.96612881772299 0.7580753602965628 0.09892870050896517 0.014812295429782796 0.00037143705765110705 0.005648706281219926 0.0 0.011573089445485947
57.6 5.935470324105514 79.31400850750327 8.999418732609366 1.3473415663209263 68.96610632826982 0.7580754643553268 0.09892161378788648 0.01480997895798649 0.00037143910920962343 0.005684697395452682 0.0 0.011588028890290694
58.56 5.935291019487565 79.31315096773048 8.998788377622313 1.3471361817994107 68.96608449740839 0.7580755654759708 0.09891472943093726 0.01480772803378267 0.00037144111022948024 0.0057196607534463215 0.0 0.011602545620187399
59.52 5.935116648614345 79.31231582911356 8.998174518278034 1.3469361155063362 68.96606325467974 0.7580756639850139 0.09890802520387708 0.014805535388316606 0.00037144306622489937 0.005753709278345329 0.0 0.01161668651923637
60.48 5.934947468488326 79.31150447031278 8.997578164530053 1.34674170335699 68.9660426329175 0.7580757597160512 0.09890151213973822 0.01480340470381446 0.00037144497498375325 0.0057867869373237546 0.0 0.01163042784386724
61.44 5.934783757839377 79.31071826750505 8.997000326608868 1.346553277055721 68.96602266641092 0.75807585250564 0.09889520127302662 0.014801339615994764 0.00037144683197871205 0.005818837691901743 0.0 0.011643746159867949
62.4 5.934624974741454 79.3099547242974 8.99643916714749 1.346370242394689 68.9660032902489 0.7580759426459379 0.09888907253908767 0.014799333613116621 0.0003714486435385669 0.005849963444657233 0.0 0.011656683457814808
63.36 5.934470718550118 79.30921218368071 8.995893462437245 1.346192211689201 68.96598445874488 0.7580760303266993 0.09888311257757539 0.014797382447387854 0.00037145041356026666 0.0058802320466817565 0.0 0.011669267115440602
64.32 5.9343208593059815 79.30848989356038 8.995362662119168 1.3460190008501818 68.96596615423194 0.7580761156389726 0.09887731537647627 0.01479548410097979 0.0003714521422481026 0.00590967403458989 0.0 0.011681510163747027
65.28 5.934175812503409 79.30778998564413 8.994848329813689 1.3458511259294914 68.96594842881461 0.7580761983276214 0.09887169801550841 0.01479364423030544 0.0003714538268167625 0.005938202666371426 0.0 0.011693376128875336
66.24 5.934034858613595 79.3071090190208 8.99434793595039 1.3456877629854576 68.96593119497179 0.7580762787983003 0.09886623286844581 0.014791853805417265 0.00037145547073674746 0.005965958247522765 0.0 0.011704923242005559
67.2 5.933898172301393 79.30644796010445 8.993862187978648 1.3455291484058576 68.96591447530872 0.7580763569339364 0.09886092766412968 0.014790115417643527 0.0003714570749822636 0.005992901525913926 0.0 0.011716134792335882
68.16 5.933765285828401 79.30580461435024 8.993389471627786 1.3453747581667945 68.96589821349532 0.7580764329928096 0.09885576477328706 0.014788423324141159 0.0003714586437251225 0.0060191220353886755 0.0 0.011727047811325964
69.12 5.933636227995876 79.30517917772497 8.992929929533688 1.3452246415360165 68.96588241359918 0.758076506950123 0.09885074575498132 0.014786778065196972 0.0003714601764962038 0.0060446118585815115 0.0 0.011737658817553825
70.08 5.933511243680704 79.30457281705522 8.992484419211683 1.3450790782917996 68.96586710519509 0.7580765786678785 0.0988458799749627 0.01478518270720802 0.0003714616688152786 0.006069323431797029 0.0 0.011747948047999546
71.04 5.9333897834165645 79.3039829886581 8.99205106909627 1.3449374621169266 68.9658522223887 0.7580766484441414 0.09884114699444599 0.01478363060552808 0.0003714631279044907 0.006093360556065701 0.0 0.011757958342905843
72.0 5.933272248474828 79.30341168257313 8.991631340245009 1.3448002725538013 68.96583781468709 0.7580767160426812 0.09883656277188738 0.01478212701616147 0.00037146454929937905 0.006116642184935115 0.0 0.01176765581532764
72.96 5.933158189597242 79.30285679640555 8.991223686168768 1.3446670076503495 68.96582382806002 0.7580767817101822 0.09883211041815912 0.014780666438125228 0.00037146593763648947 0.006139254092315317 0.0 0.011777075934008499
73.92 5.933047463719022 79.30231765983032 8.990827613716643 1.3445375075100687 68.96581024520536 0.7580768455255039 0.09882778454780615 0.014779247119143565 0.00037146729295714747 0.006161223629908637 0.0 0.011786230000817917
74.88 5.932939924422075 79.30179355059579 8.990442592418832 1.3444115985963403 68.96579704785343 0.7580769075737688 0.09882357936727726 0.014777867157315248 0.00037146861851769053 0.006182580222062237 0.0 0.011795130284226123
75.84 5.932835279297371 79.30128312584571 8.990067633909382 1.3442889611775035 68.9657842011954 0.7580769680125594 0.09881948408307552 0.014776523048739224 0.00037146991513767026 0.006203378685107985 0.0 0.011803799375005542
76.8 5.932733946918775 79.3007884492658 8.989704253553104 1.3441700920829367 68.96577175679323 0.7580770265968598 0.09881551524656522 0.014775220238837629 0.00037147118015030576 0.006223534961296762 0.0 0.011812202164786926
77.76 5.9326356566325655 79.300308163424 8.989351454841566 1.3440546641243467 68.96575968086657 0.7580770834878082 0.09881166197363991 0.014773955141570063 0.0003714724145544041 0.006243104328380901 0.0 0.011820361782983353
78.72 5.932540170465413 79.29984152460707 8.989008682927034 1.3439425125301634 68.96574794927645 0.7580771387649086 0.09880791821038601 0.014772725952506335 0.0003714736238550022 0.006262117527200757 0.0 0.01182828983384086
79.68 5.932447500546239 79.29938801271994 8.988675567294983 1.3438334933939593 68.96573655635763 0.7580771925015105 0.098804279902077 0.014771531092549797 0.00037147480242178034 0.006280595158898683 0.0 0.011835996550337947
80.64 5.932357278544783 79.29894625347515 8.988351089841572 1.3437272905540334 68.96572546202108 0.7580772448514641 0.09880073593514123 0.014770367098026909 0.0003714759581433418 0.00629859366006999 0.0 0.011843504233592629
81.6 5.932269949596519 79.29851836037149 8.98803680406702 1.3436244101436825 68.96571472020814 0.7580772955658741 0.09879730327629427 0.014769239516062732 0.00037147708560550917 0.006316026864798396 0.0 0.011850777126160965
82.56 5.93218520488979 79.2981029046581 8.987731658808329 1.3435245115284902 68.9657042939123 0.7580773448120819 0.09879397044600141 0.014768144613599649 0.0003714781879695267 0.006332953072891566 0.0 0.01185783929417065
83.52 5.932103001994415 79.2976995209522 8.987435388854248 1.343427501864383 68.96569417580092 0.7580773926360496 0.09879073454560668 0.014767081372582367 0.00037147926391966366 0.006349387008099001 0.0 0.011864697317578487
84.48 5.932023301574269 79.29730822909225 8.987148004314047 1.343333392983206 68.96568436376234 0.7580774390315637 0.09878759568863082 0.014766049923453263 0.0003714803157980853 0.00636532809191727 0.0 0.011871350340996704
85.44 5.931945783389504 79.29692732382557 8.986868255489007 1.3432417705197999 68.96567481655521 0.7580774842028768 0.09878454022399619 0.01476504572429886 0.0003714813433017149 0.006380845655160137 0.0 0.01187782766279005
86.4 5.931870414522546 79.29655694311766 8.98659623747895 1.3431526774949794 68.96566553401554 0.7580775281283354 0.09878156919465611 0.014764069247677319 0.00037148235416833997 0.006395934397956939 0.0 0.011884126213635177
87.36 5.931797369186233 79.29619768910936 8.986332397645809 1.343066250656022 68.96565653420726 0.7580775707408125 0.09877868748344912 0.0147631219915645 0.00037148334015187935 0.0064105695257411725 0.0 0.011890236358640739
88.32 5.93172637288389 79.29584825922545 8.986075778289232 1.3429821782048987 68.96564778400682 0.75807761219422 0.09877588463091184 0.014762200538784584 0.000371484306318327 0.006424804158261265 0.0 0.011896180128749101
89.28 5.9316574241096385 79.29550892033325 8.985826569850806 1.3429005333964399 68.96563928658176 0.7580776524512906 0.0987731627210397 0.014761305693174733 0.00037148525130007267 0.006438627708448833 0.0 0.011901952321030347
90.24 5.931590437703331 79.2951788092328 8.98558414734421 1.3428210941819871 68.96563102575793 0.7580776916227354 0.09877051492155983 0.01476043501958971 0.00037148617477473757 0.006452074880914784 0.0 0.01190756867437308
91.2 5.931525619785571 79.29485930571374 8.985349516480898 1.3427442045040863 68.96562303170154 0.7580777295384604 0.09876795222221511 0.014759592288974816 0.00037148707792652037 0.006465089858963276 0.0 0.01191300484749426
92.16 5.931462484742499 79.29454797561944 8.985120890687249 1.342669277304072 68.96561524380684 0.7580777664872058 0.09876545510914797 0.014758771066901722 0.000371487963561526 0.006477771746568103 0.0 0.011918302332153323
93.12 5.931401348149089 79.29424630187773 8.984899360260316 1.3425966672102692 68.96560770013043 0.758077802294716 0.09876303548996049 0.014757975239987177 0.00037148883002615654 0.006490060071036776 0.0 0.011923436076431758
94.08 5.931341800733053 79.29395237874547 8.984683523575406 1.3425259192495684 68.96560035145666 0.7580778371847795 0.09876067805739935 0.014757199821991994 0.0003714896802575157 0.006502032570855996 0.0 0.01192843822213345
95.04 5.9312840281247965 79.2936670646798 8.98447401194815 1.3424572382204931 68.96559322016068 0.7580778710568213 0.0987583897060829 0.014756447057409593 0.00037149051243661705 0.006513654232075852 0.0 0.011933294303905878
96.0 5.9312280892893945 79.29339068386332 8.984271062780795 1.342390703337733 68.96558631381767 0.7580779038714922 0.09875617302957806 0.014755717814592778 0.00037149132595878074 0.006524911882765541 0.0 0.011937998721608483
