time_d pH Ptot_atm pH2_atm pCO2_atm pCH4_atm CH4_g_mol H2_g_mol CO2_g_mol SO4 Formate Acetate Ca
0.0 7.0 4.287133039366051 0.0 4.287133039366051 0.0 0.0 0.0 0.0 0.0003700000000000032 0.0 1e-06 0.004100000000000002
0.96 5.744695821429574 81.47971432576307 9.119647025600763 3.220484599227134 69.13704542079608 0.7656623787049774 0.1009960809297992 0.03566545089997905 0.0003723724811923312 0.00013174364005222005 3.262704545445537e-11 0.012186647926102221
1.92 5.7436979798731365 81.47498492091152 9.116161285482598 3.2193953504493162 69.13689073691135 0.7656629025906371 0.10095777284639978 0.03565349211307631 0.00037237862349152884 0.0003263063149781859 1.440970488631659e-16 0.01226325830500239
2.88 5.742733716525181 81.47038847540465 9.112774532017681 3.2183351155234257 69.13674102123598 0.7656634127489922 0.10092055171721905 0.035641851373411484 0.0003723846543530575 0.0005153480987589198 2.1349061973590764e-23 0.01233782949604584
3.84 5.741801909736085 81.46592205587397 9.109484509530459 3.2173033702687555 69.1365961199535 0.7656639094167862 0.10088439283636237 0.03563052297200529 0.00037239057505262493 0.0006989944955152377 0.0 0.012410398220369157
4.8 5.740901611156291 81.4615833742823 9.106289445511269 3.21629972751726 69.13645590441146 0.765664392759657 0.10084927680163114 0.03561950270067233 0.000372396383363539 0.0008773440723837329 0.0 0.012480991573587065
5.76 5.740032016417976 81.45737086425946 9.103188099299317 3.2153239665095548 69.1363202694054 0.7656648628637367 0.1008151900552938 0.03560878817811625 0.00037240208231366877 0.001050465709328601 0.0 0.012549624918535259
6.72 5.739191306941685 81.45327731068015 9.100175096483758 3.2143745182932273 69.13618894266334 0.7656653204696607 0.10078207358747232 0.03559836220795019 0.0003724076542002678 0.0012186591416560616 0.0 0.012616408595364694
7.68 5.738377297015138 81.44929464143598 9.097244403347823 3.2134496597754225 69.13606160825881 0.7656657663856673 0.10074986115864258 0.0355882059125239 0.0003724131373653834 0.0013822607963889174 0.0 0.012681463522099784
8.64 5.737589953328076 81.44542393998951 9.094396768216246 3.2125497225289936 69.13593826973002 0.765666200441593 0.10071856104218932 0.03557832295822355 0.00037241850621985126 0.0015412286863724597 0.0 0.012744766398091797
9.6 5.736829053412414 81.44166582854065 9.091632585840005 3.211674953562663 69.13581890743055 0.7656666225025842 0.10068817763411893 0.03556871608858257 0.00037242376049500674 0.0016955405052466522 0.0 0.012806299752140616
10.56 5.7360922705387996 81.43801060793655 9.08894465787454 3.210823199365815 69.13570317341663 0.765667033592663 0.10065863186834507 0.03555936168449624 0.0003724289125584086 0.0018455978310365794 0.0 0.012866214927199316
11.52 5.735380060920285 81.4344618518962 9.086335564129579 3.2099953714364116 69.13559115020117 0.7656674332616543 0.1006299521477508 0.03555026978068163 0.0003724339510904587 0.0019912564342937614 0.0 0.012924447773739394
12.48 5.73469035510758 81.43101075221576 9.083798775460616 3.209189501926796 69.13548252600103 0.7656678224462771 0.10060206675101425 0.03554141879074471 0.0003724388859148973 0.0021328805891780585 0.0 0.012981136616665587
13.44 5.734022796036676 81.42765669717542 9.081333798976623 3.208405516870596 69.13537725584251 0.7656682011716935 0.10057497029892937 0.0355328079233233 0.0003724437153187055 0.002270497635460355 0.0 0.013036286626800802
14.4 5.733376664568706 81.42439744492475 9.078938939828953 3.2076429702020324 69.135275238579 0.7656685696437582 0.10054864420460106 0.0355244323025194 0.0003724484419915403 0.002404201986851404 0.0 0.013089929089473117
15.36 5.7327518739001295 81.42123371841492 9.076614688271777 3.2069020975487414 69.13517647124046 0.7656689277380448 0.10052309389488091 0.03551629453657438 0.0003724530626078486 0.0025339660981156787 0.0 0.013142047382296919
16.32 5.73214688313466 81.41815869194374 9.074355994620534 3.206181356861017 69.1350807194392 0.7656692761908787 0.10049826389146058 0.03550837770492217 0.0003724575770198081 0.002660071748952084 0.0 0.013192749960312392
17.28 5.731560661977245 81.41516823642837 9.072159788032614 3.2054798420568402 69.13498783072939 0.7656696154340111 0.10047412047103929 0.0355006718734849 0.000372461993645582 0.0027826902259440243 0.0 0.013242100495076754
18.24 5.730993010904091 81.41226230957155 9.07002600407905 3.204797597840439 69.13489778247245 0.7656699454372088 0.10045066295630393 0.035493177549816776 0.00037246631348186824 0.0029018249822170606 0.0 0.013290095797478326
19.2 5.73044335723497 81.40943895085897 9.067953169943685 3.204134217469899 69.13481049354803 0.7656702663892594 0.10042787518588765 0.035485890282049425 0.00037247053543670877 0.003017558109820166 0.0 0.01333676443023498
20.16 5.729910980716048 81.40669520878977 9.065939092830712 3.203489049845085 69.13472585615249 0.765670578599356 0.10040573307841374 0.03547880293097182 0.00037247466093907146 0.0031300119270185993 0.0 0.01338215218635726
21.12 5.729395277666242 81.40402887322075 9.06398212027667 3.202861624151062 69.13464378325008 0.7656708822880663 0.10038421849442597 0.03547191033915925 0.00037247869295178133 0.0032392785696451144 0.0 0.013426292133670853
22.08 5.728896363770098 81.40144128156936 9.06208320838168 3.202252295689896 69.13456430087659 0.765671177277643 0.10036334196826723 0.03546521642220458 0.0003724826293127439 0.003345304549703727 0.0 0.013469159257163707
23.04 5.728412617867738 81.3989246936595 9.060236654810755 3.2016592787558644 69.13448715646335 0.7656714644277872 0.1003430408306778 0.035458701574157606 0.00037248647355298 0.0034484081593387627 0.0 0.013510879161899969
24.0 5.727944264849201 81.39648105078001 9.058443858297556 3.201083071679439 69.13441239428366 0.7656717434907753 0.10032333048191279 0.03545237128189561 0.0003724902283395536 0.0035485111937185805 0.0 0.01355141674506867
24.96 5.727490834917118 81.39410846586163 9.05670341556012 3.200523260675772 69.13433994420522 0.7656720146641652 0.10030419551286053 0.03544622100919642 0.0003724938899994588 0.0036456919241321245 0.0 0.013590801112655253
25.92 5.727051267033035 81.39180208857867 9.055011745813367 3.199978738149665 69.13426964399558 0.765672278478576 0.10028559657570466 0.035440238598650996 0.00037249746899542855 0.0037401501937593114 0.0 0.013629110138677323
26.88 5.726625320054247 81.38956122477026 9.053368321058258 3.199449370569345 69.13420146095454 0.7656725349942469 0.1002675278826083 0.03543442259238383 0.00037250096485794826 0.0038319154062906127 0.0 0.013666353196253844
27.84 5.726212033094327 81.38738120425514 9.051769703019497 3.198934076118437 69.13413524473725 0.7656727847320981 0.10024995164456398 0.0354287611115977 0.00037250437857068235 0.003921179491460768 0.0 0.013702606403525469
28.8 5.725811830192242 81.38526478220948 9.050217895391906 3.198433533415199 69.13407106831124 0.7656730273597788 0.10023288990737694 0.0354232616205321 0.00037250770603515813 0.004007830493731676 0.0 0.013737821999481302
29.76 5.725423442611354 81.38320598881596 9.048708498196664 3.1979463675632935 69.13400873639256 0.765673263539077 0.10021629431400554 0.035417909023838824 0.0003725109653649096 0.004092114005822883 0.0 0.013772096632040228
30.72 5.72504707370554 81.3812060397516 9.04724239675254 3.197472875526047 69.13394828242933 0.765673493122821 0.10020017460534883 0.035412706587686 0.00037251414208641507 0.004173980569309585 0.0 0.01380540946448286
31.68 5.724682100405953 81.37926220098382 9.045817568901862 3.1970124390082657 69.13388961267167 0.7656737164090285 0.10018450856378647 0.03540764752717846 0.00037251724456790987 0.004253543025589089 0.0 0.013837803946317496
32.64 5.7243284682277835 81.37737441679377 9.044433965919817 3.19656505829594 69.13383271982347 0.7656739333950991 0.10016929566292085 0.03540273184999257 0.000372520268809051 0.004330804057360129 0.0 0.013869280081147673
33.6 5.723986212663539 81.37554338957727 9.043092086373214 3.196130925395665 69.13377761570983 0.7656741439828265 0.10015454139780347 0.0353979616732062 0.00037252321469844857 0.004405735761137253 0.0 0.013899824323113824
34.56 5.723653818086963 81.37376145627309 9.041786300901565 3.1957082458278703 69.133724060709 0.7656743490422037 0.10014018388545814 0.035393317286183806 0.0003725260980235326 0.004478652424347462 0.0 0.013929562883541384
35.52 5.7233318546099445 81.37203183752692 9.040518963428484 3.1952977930385655 69.1336721482448 0.765674548194178 0.10012624901403143 0.03538880719063251 0.000372528906193864 0.0045494225780923075 0.0 0.013958441377913942
36.48 5.723019160370362 81.3703486364245 9.039285742436537 3.194898185040122 69.13362169460133 0.7656747421086642 0.10011268916690336 0.03538441620642671 0.0003725316500512839 0.004618288055761363 0.0 0.013986557013581816
37.44 5.722716002457705 81.36871361390122 9.038087918208381 3.1945098562620777 69.13357274606733 0.7656749305731031 0.10009951843108426 0.03538014911221188 0.00037253432712606375 0.004685177318997307 0.0 0.014013879211976004
38.4 5.722421966289016 81.36712481631344 9.036924050416715 3.194132356929637 69.13352523899044 0.7656751138007667 0.10008672097655802 0.03537600096970321 0.00037253693975144075 0.004750170766666189 0.0 0.01404043960907304
39.36 5.722136896781611 81.3655816573148 9.035793702021058 3.193765560740009 69.13347915032473 0.7656752918541507 0.1000742920067642 0.035371970395400874 0.00037253948864698645 0.004813292764651896 0.0 0.014066247083951414
40.32 5.721860355400355 81.36408198567109 9.0346952896939 3.193408967544763 69.13343441219551 0.7656754649730406 0.10006221411771378 0.03536805189666633 0.0003725419740471815 0.00487463170560243 7.824730303789526e-25 0.014091336823328839
41.28 5.721591978137424 81.36262409937761 9.033627558959214 3.1930621862536843 69.1333909680665 0.7656756333458467 0.10005047352327899 0.03536424117989698 0.0003725444018759854 0.00493425760788328 0.0 0.014115736327187371
42.24 5.721331690543529 81.36120777011261 9.032590336953483 3.192725171670643 69.13334880765483 0.7656757969932878 0.10003906832876801 0.03536053775153217 0.0003725467690624983 0.004992180098336881 0.0 0.014139448776429146
43.2 5.721079189177914 81.35983160065958 9.03158259258367 3.1923976036691974 69.13330788488135 0.7656759560677899 0.10002798720267865 0.03535693809722828 0.0003725490789575165 0.005048456727750273 0.0 0.014162496679514146
44.16 5.720834747627046 81.35849723609961 9.030605525651309 3.192079881880532 69.13326824546427 0.7656761103764343 0.10001724334338567 0.03535344661119229 0.00037255132864672685 0.00510302047257248 0.0 0.01418485192647359
45.12 5.720597513003612 81.35720030531 9.029655927157648 3.1917709790698523 69.13322975428974 0.7656762604153439 0.10000680147188762 0.0353500520089317 0.0003725535235151574 0.005156050502012589 0.0 0.014206586761057368
46.08 5.720367086311294 81.35593862102819 9.028732195112521 3.1914703750332514 69.13319234618669 0.7656764064358306 0.09999664397402627 0.03534674857438056 0.00037255566891905665 0.0052076362769849826 0.0 0.01422773781380748
47.04 5.7201434446968955 81.3547123462243 9.02783444042457 3.1911781220706636 69.13315602090705 0.7656765484115886 0.09998677207636812 0.03534353688611973 0.00037255776103701393 0.005257771569552779 0.0 0.014248301375177724
48.0 5.719926708345022 81.35352227945559 9.026963243551794 3.1908944175859215 69.13312079917614 0.7656766862478709 0.09997719216659744 0.035340419115859494 0.00037255980041082113 0.005306423943276071 0.0 0.014268263556040653
48.96 5.7197164500640945 81.35236624887257 9.026117009234646 3.190618752152318 69.13308661371788 0.7656768201884631 0.09996788670681096 0.03533738966753356 0.0003725617910559011 0.005353682467230242 0.0 0.014287660188460689
49.92 5.719512734449905 81.3512446640893 9.025296035438197 3.190351226712776 69.13305347525535 0.7656769501842614 0.09995885897631251 0.035334449651727086 0.0003725637292181333 0.005399530491661355 0.0 0.014306484186211606
50.88 5.719314889167889 81.35015403256843 9.024497759651888 3.1900910179411515 69.13302127691084 0.7656770766331882 0.09995008080177227 0.0353315900231075 0.00037256562284090244 0.005444111097906335 0.0 0.014324793453022506
51.84 5.719122484738246 81.34909209713194 9.023720526465473 3.1898375927481775 69.13298994989376 0.7656771997961537 0.0999415339834739 0.03532880492504428 0.00037256747353492885 0.005487516717827222 0.0 0.014342625491633001
52.8 5.718935988478181 81.34806150595118 9.022966271731256 3.189591586745349 69.13295957103203 0.7656773193606334 0.0999332398105548 0.03532610134372497 0.0003725692775618941 0.005529639234799583 0.0 0.014359935592825843
53.76 5.718755201672571 81.3470612655605 9.022234265275957 3.18935276797244 69.13293010894121 0.7656774354416376 0.09992519025757346 0.03532347673180557 0.00037257103534727825 0.005570519410048325 0.0 0.01437674007401331
54.72 5.718579508996509 81.3460881330857 9.021522129162145 3.1891203695813015 69.1329014653714 0.7656775484078542 0.09991735917853452 0.03532092266351561 0.0003725727535323861 0.005610290027523125 0.0 0.014393092871943323
55.68 5.718408975504696 81.3451425398971 9.020830176991817 3.188894498255149 69.13287365142399 0.7656776582094341 0.09990975002506883 0.03531844031271343 0.0003725744304061505 0.005648933561146826 0.0 0.014408986483053254
56.64 5.718243691729272 81.34422505694688 9.020158824330746 3.1886752938425675 69.13284668265997 0.7656777647759371 0.09990236736879851 0.03531603121734767 0.0003725760649719311 0.005686426794949668 0.0 0.014424411072315594
57.6 5.7180832334721 81.34333344173211 9.019506427019156 3.188462225820241 69.1328204911481 0.7656778683655541 0.09989519313244567 0.03531368954845504 0.0003725776605160418 0.0057228615372212945 0.0 0.014439403956840366
58.56 5.717927563819754 81.34246758254447 9.018872900534713 3.1882552719227006 69.1327950719577 0.7656779689902302 0.09988822638928706 0.03531141506273945 0.0003725792176930257 0.005758242496465708 0.0 0.014453966698977399
59.52 5.7177764517664444 81.34162616386496 9.018257282913726 3.1880541168586247 69.13277038676567 0.7656780668006682 0.09988145656062802 0.03530920429487653 0.0003725807371877887 0.005792623399330574 0.0 0.014468121502090422
60.48 5.7176297946809065 81.34080880349487 9.01765928932768 3.1878586777039284 69.13274642109718 0.7656781618370779 0.09987488051867181 0.035307056335907236 0.00037258221744083876 0.00582602013037718 0.0 0.014481874174401603
61.44 5.717487645973589 81.34001590582784 9.017079212551964 3.1876690560521563 69.13272318498916 0.765678254049639 0.09986850148565987 0.03530497230381685 0.0003725836642342248 0.005858416326181163 0.0 0.014495217558603514
62.4 5.717349675110136 81.33924556233278 9.016515657907687 3.1874847931280583 69.13270062328085 0.7656783436613908 0.09986230412400379 0.03530294715599131 0.00037258507608793563 0.00588988988276357 0.0 0.014508183957540492
63.36 5.7172152416951745 81.33849446294181 9.015966196790604 3.187305108651459 69.13267863461974 0.7656784310503718 0.09985626173195529 0.035300972319813724 0.00037258645988909474 0.005920576403600099 0.0 0.014520828222205186
64.32 5.717084711751067 81.33776432493852 9.01543209358405 3.1871303998847385 69.13265727474328 0.7656785160249188 0.09985038820827143 0.03529905215809752 0.000372587807574401 0.005950405310935983 0.0 0.014533122483904364
65.28 5.7169581242230905 81.33705574763944 9.01491377683093 3.1869608267265286 69.13263655453113 0.7656785985052836 0.09984468827333937 0.035297188432565386 0.00037258912387313624 0.0059793526275695955 0.0 0.014545055422223212
66.24 5.716835377585813 81.3363681608488 9.014410829204891 3.186796252885319 69.13261645737953 0.7656786785577883 0.09983915733823417 0.03529537964546037 0.0003725904091540577 0.00600744166058293 0.0 0.014556636636821366
67.2 5.716716202005665 81.33569998371658 9.013922096002606 3.186636297309769 69.13259693812488 0.765678756367624 0.09983378270381667 0.035293621608181634 0.00037259166298193945 0.006034736905769113 0.0 0.014567892959960785
68.16 5.716600496940758 81.33505086379823 9.013447313825818 3.1864808847521 69.1325779829396 0.7656788319706939 0.09982856147780839 0.03529191349614177 0.000372592889370115 0.0060612530499317835 0.0 0.014578829649972999
69.12 5.716487781700874 81.33441800338734 9.01298443890328 3.186329341329532 69.13255951164916 0.7656789056949257 0.099823471183202 0.03529024790186761 0.00037259408859268285 0.006087104246264639 0.0 0.01458949414674965
70.08 5.716378302374094 81.33380287970172 9.012534548837177 3.1861820249286943 69.13254156604472 0.7656789773662669 0.09981852367245893 0.03528862875999674 0.00037259526108281946 0.006112230301897265 4.645548042061939e-24 0.01459986125864893
71.04 5.716272087420751 81.33320569245731 9.012097788966345 3.1860389854539317 69.13252415060596 0.7656790469605091 0.09981372054553601 0.035287056619686154 0.0003725964059624983 0.006136623092138265 0.0 0.01460992747316054
72.0 5.716168965933338 81.33262550396965 9.011673472307363 3.18589999925358 69.13250723823947 0.7656791145852438 0.09980905424771726 0.03528552902308475 0.00037259752431686625 0.006160320984328182 0.0 0.0146197085277821
72.96 5.716068864963436 81.33206195773295 9.011261336990406 3.185764983511731 69.13249081710558 0.7656791802804961 0.09980452190081786 0.03528404506069867 0.0003725986173137003 0.006183338595763638 0.0 0.01462921024384405
73.92 5.715971959022596 81.33151600964496 9.01086208255705 3.18563416631976 69.13247491551485 0.7656792439354935 0.0998001311976731 0.03528260723933975 0.0003725996814951355 0.006205636860001861 0.0 0.01463841658670446
74.88 5.715877701422937 81.33098472739239 9.010473560677234 3.1855068512670774 69.13245944575144 0.7656793058883711 0.09979585851543951 0.035281207906379904 0.00037260072482990617 0.006227335744770694 0.0 0.014647376526398416
75.84 5.715786182296142 81.33046851584304 9.010096069958951 3.1853831312395853 69.13244442121436 0.7656793660945838 0.09979170713640854 0.03527984808174996 0.0003726017427070416 0.006248418583784401 0.0 0.014656083555725116
76.8 5.715697480253303 81.32996780918356 9.00972992808475 3.185263110093112 69.13242985457244 0.7656794245033786 0.09978768055436146 0.035278528906950886 0.0003726027369920182 0.006268867634901072 0.0 0.01466453037461073
77.76 5.715611400789146 81.32948170971561 9.009374473328213 3.1851465810675066 69.1324157165609 0.7656794812147852 0.0997837714959078 0.03527724811167164 0.00037260370808219276 0.006288719833954318 0.0 0.01467273149327956
78.72 5.715527696802431 81.32900901060064 9.009028818539676 3.1850332628759133 69.1324019687113 0.7656795363643918 0.09977997020852607 0.03527600260631174 0.0003726046613957159 0.006308024706747614 0.0 0.01468070666584364
79.68 5.715446431035332 81.32854960835837 9.00869289947637 3.184923111712164 69.13238861561551 0.7656795899754605 0.09977627597749594 0.03527479190460529 0.0003726055898340707 0.006326785891466694 0.0 0.014688459075506331
80.64 5.715367520563537 81.32810334619896 9.008366593541382 3.184816103083518 69.1323756475473 0.7656796420585994 0.09977268746048555 0.03527361574073723 0.00037260649979343937 0.00634501020078746 0.0 0.014695990383464258
81.6 5.715291003278752 81.3276703619058 9.00805000329308 3.1847122669456165 69.13236306978719 0.7656796925997361 0.0997692057841565 0.03527247444322814 0.0003726073875395562 0.006362691915106078 0.0 0.014703298502682972
82.56 5.715216481458317 81.32724847118986 9.007741530045415 3.184611082304472 69.13235081762278 0.765679741851878 0.09976581336851847 0.0352713622864131 0.0003726082569268705 0.006379920313972295 0.0 0.014710420077003116
83.52 5.715144217997848 81.32683909886349 9.0074422168955 3.1845128883083302 69.13233893368992 0.7656797896505241 0.09976252168387657 0.03527028299739999 0.0003726091046564014 0.00639663714726798 0.0 0.014717331262990577
84.48 5.715073677510277 81.32643943574395 9.007150004425325 3.184417020461677 69.13232733257816 0.7656798363174431 0.0997593080861208 0.03526922927485305 0.0003726099407873851 0.006412957409734919 0.0 0.014724078765964587
85.44 5.715005456532029 81.32605275473686 9.006867288047037 3.184324259565709 69.13231611113514 0.7656798814737046 0.09975619891693233 0.035268209699841034 0.0003726107576835719 0.006428747327798508 0.0 0.014730607679935564
86.4 5.714939218118425 81.32567707513779 9.006592621550205 3.1842341276111115 69.13230521279058 0.7656799253517922 0.0997531782705757 0.03526721901764931 0.0003726115558748399 0.006444087680292436 0.0 0.014736951652032045
87.36 5.714874797163707 81.32531157652639 9.006325401953454 3.184146432530251 69.13229461212892 0.7656799680449823 0.09975023951784942 0.035266255118441836 0.00037261233741364106 0.006459012132386987 0.0 0.014743124174104796
88.32 5.714812293067324 81.3249568019831 9.006066026975208 3.184061303938445 69.1322843249229 0.7656800094896068 0.09974738703254948 0.035265319426718934 0.0003726131018670159 0.006473498472264743 0.0 0.014749116133798616
89.28 5.71475163950237 81.32461239010075 9.00581423175561 3.183978655700619 69.13227434074298 0.7656800497284874 0.09974461790214852 0.035264410995932416 0.00037261384955225346 0.006487561491947946 0.0 0.014754933590723258
90.24 5.71469274137925 81.32427784583157 9.005569653413497 3.183898371003792 69.13226464421052 0.765680088817292 0.09974192813686428 0.035263528542639394 0.0003726145825739121 0.006501221452729697 0.0 0.014760584755811337
91.2 5.7146353612096386 81.32395179994671 9.005331291330908 3.1838201203695573 69.13225519613223 0.765680126917065 0.09973930673199545 0.035262668445174686 0.00037261530176778526 0.006514534242985178 0.0 0.014766092816166516
92.16 5.714579557664227 81.3236345637079 9.005099373571522 3.183743977652167 69.13224600586739 0.7656801639918728 0.09973675619538562 0.03526183151512129 0.0003726160057931491 0.006527487127349386 0.0 0.014771452582398294
93.12 5.714525564085752 81.32332755313062 9.004874933087308 3.183670286573581 69.13223711281637 0.7656801998735994 0.09973428788881586 0.035261021531527596 0.0003726166952263968 0.006540022403794375 0.0 0.01477663985475569
94.08 5.714473149507511 81.3230293997776 9.004656970750249 3.183598716334486 69.13222847841067 0.7656802347240745 0.0997318908232881 0.03526023485782106 0.00037261736970179804 0.006552195881461903 0.0 0.014781677920592191
95.04 5.71442223390557 81.3227396854098 9.004445179940944 3.1835291681213294 69.13222008982311 0.7656802685908026 0.09972956162750118 0.03525947040829505 0.00037261803076676963 0.006564024680982792 0.0 0.0147865737257047
96.0 5.7143728550512645 81.32245862265127 9.004239716089234 3.1834616929261244 69.1322119532656 0.7656803014490907 0.09972730201084846 0.03525872874344724 0.0003726186782506373 0.00657550012165187 0.0 0.014791323684720794
