time_d pH Ptot_atm pH2_atm pCO2_atm pCH4_atm CH4_g_mol H2_g_mol CO2_g_mol SO4 Formate Acetate Ca
0.0 7.0 2.636642599132577 0.0 2.636642599132577 0.0 0.0 0.0 0.0 0.00037000000000000065 0.0 1.000000000000001e-06 0.0040999999999999995
0.96 5.897203195624212 80.1054023745009 9.105651786884591 1.980037221938443 69.01716431282208 0.7604426733192504 0.10032759612907577 0.021816381668539497 0.0003723873557026246 0.00010532451514775126 6.673658547462343e-12 0.009190945666088385
1.92 5.895928678427169 80.10072565009617 9.102164988706726 1.9790055659779096 69.01700557739814 0.7604431659493016 0.10028947363182006 0.02180507898644496 0.00037239083373707857 0.000298925083317142 9.381432552277336e-18 0.009263635881167694
2.88 5.894698516371236 80.09617995632054 9.098777322353842 1.9780004886419138 69.01685217945158 0.7604436462404319 0.10025243378743418 0.021794067048100777 0.00037239432635240144 0.00048702744342322393 3.4015396312064843e-23 0.00933445553866558
3.84 5.893511046725034 80.09176209462458 9.095486264872097 1.9770215068964527 69.01670392570063 0.760444114391891 0.10021644912390282 0.02178334060361652 0.00037239782622209503 0.0006697711072127937 0.0 0.009403438446893548
4.8 5.8923641470408255 80.0874669191329 9.09228785537792 1.9760676877009975 69.01656056331095 0.7604445708194737 0.10018147643886229 0.021772889469219785 0.00037240132767690906 0.0008473754718282379 0.0 0.009470650142276226
5.76 5.891256717879252 80.08329283918859 9.089180792296542 1.9751388666968805 69.01642196705929 0.7604450155719602 0.10014750159669344 0.02176271187983678 0.00037240482225207877 0.001019912324016538 0.0 0.009536102030847284
6.72 5.890186964494934 80.07923566038535 9.08616183779564 1.974234297234122 69.01628792627328 0.7604454489779575 0.10011448928701581 0.021752799689121305 0.00037240830630787453 0.0011875609810515883 0.0 0.009599846528587431
7.68 5.889153472308449 80.07529226300335 9.083228568656391 1.9733534474326617 69.01615827573538 0.7604458712676483 0.10008241309561573 0.021743147099853144 0.00037241177401079525 0.0013504555873786177 0.0 0.00966192096791769
8.64 5.888154790809778 80.07145927344106 9.080378379856377 1.972495719081441 69.01603284447393 0.7604462827056238 0.10005124461576062 0.021733747586051212 0.0003724152217738857 0.0015087404059834872 0.0 0.009722367359553768
9.6 5.887189500565622 80.0677332865076 9.077608649702896 1.9716604951247947 69.01591146546153 0.7604466835650315 0.10002095525202798 0.021724594413036973 0.0003724186443465274 0.001662560656974589 0.0 0.009781229052914422
10.56 5.886256487766756 80.06411195080403 9.07491754547788 1.9708473846952617 69.01579401041485 0.7604470740126105 0.09999152503150453 0.021715683323010347 0.00037242203759569085 0.0018120177727880555 6.322078991630182e-25 0.009838533465289049
11.52 5.885354800606503 80.06059327064295 9.072303509840605 1.9700560595922647 69.01568036878592 0.760447454188646 0.09996293698516574 0.0217070107419677 0.0003724254002743309 0.001957197935371307 0.0 0.009894303638612946
12.48 5.884482779667662 80.05717267245905 9.069763066328376 1.9692856195167212 69.0155703431132 0.7604478245068181 0.09993515315876192 0.021698566826996675 0.00037242872762126224 0.0020982938897086715 0.0 0.009948602877297654
13.44 5.883639520135998 80.05384809845849 9.067294621910943 1.9685357039228488 69.01546382880427 0.7604481851238176 0.09990815618268944 0.021690347646133777 0.00037243202099063416 0.0022353938513569975 0.0 0.010001456519448967
14.4 5.882825346136351 80.05062229361133 9.064900153467542 1.9678070326324517 69.0153608741938 0.7604485356802207 0.09988196773131955 0.02168236110796765 0.00037243526462056966 0.002368387757560402 0.0 0.010052813760833846
15.36 5.88203754800369 80.04748617535215 9.062572851944559 1.9670976615933238 69.01526114880485 0.7604488770944212 0.0998565133876108 0.021674585924867592 0.00037243847053586765 0.002497653523812417 0.0 0.010102811493979813
16.32 5.881275030871764 80.04443666159129 9.060310377250618 1.9664069789806462 69.01516452203353 0.7604492096479588 0.09983176760165492 0.021667015407001798 0.0003724416360036718 0.0026233209069832838 0.0 0.01015149277493841
17.28 5.880536658913809 80.04147039804229 9.058110192086092 1.9657343040194002 69.01507085722692 0.76044953365701 0.09980770266313334 0.02165964210745893 0.000372444759593308 0.0027455306351479064 0.0 0.010198905526215295
18.24 5.87982222754693 80.03858775579873 9.055972523534775 1.965079798515979 69.01498013647799 0.76044984903204 0.09978432109593524 0.021652467814460927 0.00037244783723376504 0.002864269895670731 0.0 0.010245038279040544
19.2 5.879130799910853 80.03578607622629 9.053895355254136 1.9644429315549023 69.01489224804442 0.7604501560178897 0.09976160088353381 0.02164548672219076 0.0003724508685106443 0.0029796505005043714 0.0 0.010289928395389721
20.16 5.878461945924114 80.03306469453406 9.051878151144098 1.9638236209392927 69.01480714524703 0.7604504546439182 0.09973953619747761 0.02163869794265443 0.0003724538512547381 0.003091702053271481 0.0 0.010333581613124053
21.12 5.87781421728261 80.03041873314851 9.04991725600989 1.963220821272312 69.01472465056267 0.7604507454053336 0.09971808709003692 0.021632090028550252 0.00037245678781437544 0.0032006274264086204 0.0 0.010376071562044255
22.08 5.8771871752600635 80.02784756522404 9.048012161704378 1.9626344606944677 69.01464471696362 0.7604510283268867 0.09969724803926922 0.021625662205301117 0.0003724596727982165 0.003306454661998778 0.0 0.010417403216139062
23.04 5.876580601167783 80.02535045950405 9.046162313763046 1.9620643918209448 69.01456731495841 0.7604513034744685 0.0996770129929269 0.0216194128618856 0.0003724625121283095 0.003409214514379167 0.0 0.010457587063959857
24.0 5.875993774817388 80.02292608542389 9.044366669838116 1.9615104035315127 69.01449236715175 0.7604515709389242 0.09965737059462418 0.021613339700397364 0.0003724652996234409 0.0035089646444355625 0.0 0.010496637796122726
24.96 5.875425363384654 80.02056935574646 9.042621442697103 1.9609713637077857 69.01441970517743 0.7604518312608436 0.09963827943318514 0.021607430316079635 0.0003724680337392754 0.003605915362510184 0.0 0.010534635244898642
25.92 5.874874139483279 80.01827617771167 9.040923565521041 1.9604463943052264 69.01434918068007 0.7604520848562096 0.09961970598950094 0.021601675093680554 0.0003724707279605917 0.003700236887916785 0.0 0.010571641217534657
26.88 5.874340311428398 80.0160477991551 9.039273945656035 1.9599358080584706 69.01428082147683 0.7604523315696142 0.0996016602051525 0.02159607746730596 0.00037247336714743833 0.0037918787444432495 0.0 0.01060763369516776
27.84 5.873823386081865 80.01388294481505 9.03767161055735 1.9594393591255774 69.01421457049793 0.7604525715137397 0.09958413146518048 0.02159063475039069 0.00037247595952515 0.0038808948398134854 0.0 0.010642629956334427
28.8 5.873322556559007 80.01177893743184 9.036114552616448 1.958956474985223 69.01415033031226 0.7604528049588515 0.09956709782830057 0.021585340673888648 0.0003724785037654291 0.003967396600694014 0.0 0.010676670315488072
29.76 5.872838197137993 80.00973785148895 9.034604287767147 1.9584876631729042 69.01408815205103 0.7604530316551249 0.09955057589553214 0.02158020080827229 0.00037248099484268215 0.004051299728222838 0.0 0.010709718990590653
30.72 5.872367857599936 80.00774996959322 9.033133603443407 1.9580307272326203 69.01402772647249 0.7604532526579858 0.09953448678097335 0.021575191079040164 0.0003724834431735579 0.004133004829841903 0.0 0.010741930772728524
31.68 5.871912094064281 80.00581811794227 9.031704573236233 1.9575863456487208 69.01396912787968 0.7604534676378213 0.09951885318573656 0.021570318930542825 0.00037248584393541334 0.004212396627793451 0.0 0.010773257819868268
32.64 5.871470485750793 80.00394101607888 9.030316231326736 1.9571542534372195 69.01391230645855 0.7604536767157736 0.09950366455856159 0.021565581463005915 0.00037248819723846604 0.00428952870639049 0.0 0.010803718789477031
33.6 5.871042463590712 80.00211669929745 9.028967107612779 1.956734025055961 69.01385719293769 0.7604538800954845 0.09948890483041231 0.021560974015885265 0.000372490504139994 0.004364482673325118 0.0 0.010833343661371987
34.56 5.8706276903280905 80.00034417703358 9.027656454014929 1.9563254586998797 69.01380374650856 0.7604540778714111 0.09947456583178046 0.021556494381602113 0.00037249276501904874 0.004437300018613407 0.0 0.010862146641314966
35.52 5.870225742525333 79.99862204437444 9.026383216658052 1.9559282541030925 69.01375191624167 0.7604542701844574 0.09946063604488174 0.021552139272388825 0.0003724949789944617 0.0045080392355639565 0.0 0.010890148881664258
36.48 5.869836040507463 79.99694821827084 9.025145841157514 1.9555419539495664 69.01370163057716 0.7604544572518891 0.09944709847617766 0.021547903678410446 0.0003724971494436982 0.00457678662439187 0.0 0.010917382602026578
37.44 5.869459389026871 79.99532651820499 9.023947137878444 1.955167460948082 69.01365299619297 0.7604546386339716 0.09943398388394636 0.021543797501489777 0.0003724992690822034 0.0046433859900890315 0.0 0.010943784158757661
38.4 5.869093719115702 79.99374840176904 9.022780779882535 1.9548028233790133 69.01360574861346 0.7604548152746802 0.09942122305893113 0.02153979934576854 0.0003725013474200429 0.004708188798751692 0.0 0.010969491115940146
39.36 5.868739609868344 79.99221671037915 9.021648854835442 1.954448717094496 69.01355996592888 0.760454986841251 0.09940883885116153 0.021535916625332 0.0003725033816236588 0.004771079013123852 0.0 0.010994455817062708
40.32 5.86839612985428 79.99072772262197 9.020548601969917 1.9541042994102191 69.01351552984761 0.7604551537417571 0.0993968010655211 0.021532140103712592 0.0003725053747030031 0.004832209975464704 0.0 0.011018737653583636
41.28 5.86806246311768 79.98927812321935 9.019477563260896 1.9537688166053244 69.01347233654992 0.760455316339233 0.09938508281615493 0.021528461519000883 0.00037250732772303903 0.004891718222033872 0.0 0.011042389756862982
42.24 5.867739163061379 79.98787067065693 9.018437764908661 1.9534429263056654 69.0134304608776 0.7604554743106896 0.09937370628107728 0.021524888085504592 0.000372509239500614 0.0049494911273004465 0.0 0.011065365745247399
43.2 5.867425866324059 79.98650397897218 9.017428175745534 1.9531263193409916 69.01338985707586 0.7604556278039685 0.09936266018479321 0.021521416415472092 0.00037251111042546875 0.005005585954693053 0.0 0.011087687415521172
44.16 5.867121494747964 79.98517359057539 9.016445494433814 1.9528179767880036 69.01335038743817 0.760455777312651 0.09935190841451652 0.021518035338869253 0.000372512943551336 0.005060186096422183 0.0 0.011109426585002408
45.12 5.866827050227358 79.98388412242355 9.015493122906115 1.9525189820006985 69.0133121839745 0.7604559223098232 0.09934148819862093 0.021514756737533086 0.00037251473480513363 0.005113102499474392 0.0 0.011130506875658747
46.08 5.866540778744393 79.98262813612939 9.014565559242673 1.9522276234696876 69.01327502111661 0.7604560636219 0.09933133934536793 0.021511561846445953 0.00037251649122294403 0.005164640832979834 0.0 0.011151048926483054
47.04 5.866263411009366 79.98140904280103 9.013665315542415 1.951944703912122 69.01323899540303 0.7604562008577875 0.09932148934673182 0.02150845946996301 0.0003725182100208292 0.005214661487790763 0.0 0.011170996143123576
48.0 5.865994364601871 79.9802244171069 9.012790595780016 1.9516696684986896 69.01320403215364 0.7604563342859593 0.09931191855641285 0.02150544352576625 0.0003725198906394497 0.005263264235544877 0.0 0.011190387641724553
48.96 5.865733733757887 79.97907489205876 9.011941860093637 1.9514026759554206 69.01317014554299 0.7604564638287191 0.09930263201521596 0.021502515756579826 0.0003725215344747707 0.005310423479212305 0.0 0.011209212221011965
49.92 5.865480033632639 79.97795408668617 9.011114391372741 1.951142253313904 69.01313714416506 0.760456590198033 0.09929357811454162 0.021499660011827855 0.00037252314767004306 0.005356401300634282 0.0 0.011227573712456662
50.88 5.865234340042131 79.97686698554647 9.010311862286812 1.950889570931939 69.01310516991416 0.7604567128269424 0.0992847970466562 0.021496889127816922 0.00037252472483294014 0.005400993594992832 0.0 0.01124538959297102
51.84 5.864995748038616 79.97580954992215 9.009531291417812 1.9506436899076767 69.01307410408295 0.7604568321671984 0.09927625618957645 0.021494192808726706 0.0003725262684120439 0.005444366027669764 0.0 0.01126272607880893
52.8 5.864764080563955 79.97478131778956 9.00877232778045 1.9504045186835297 69.01304392712213 0.7604569482626272 0.09926795171094312 0.02149157005340638 0.0003725277815163125 0.0054865380589064205 0.0 0.011279589588024361
53.76 5.864539461119178 79.97378287827864 9.008035404318402 1.9501721974593964 69.0130146550595 0.7604570610468453 0.09925988835042093 0.021489022400080784 0.0003725292608333267 0.005527485623440999 0.0 0.011295970249038657
54.72 5.86432153424805 79.97281280490776 9.007319463113909 1.949946402402521 69.01298624303853 0.7604571706732621 0.09925205453596891 0.021486546298957 0.0003725307085514435 0.005567267486387428 0.0 0.011311890883055646
55.68 5.864110146213659 79.97187050746257 9.006624065364317 1.9497270015465462 69.01295867155915 0.760457277205547 0.09924444546952423 0.02148414030399003 0.0003725321241672804 0.005605908015256852 0.0 0.011327360793966014
56.64 5.8639048840419745 79.97095432027855 9.005947976218598 1.9495136158965378 69.01293188865705 0.7604573808267162 0.09923704764368843 0.02148180026064255 0.0003725335114426307 0.005643475803721392 0.0 0.011342406685206566
57.6 5.86370557293748 79.9700635227453 9.00529066165551 1.9493060812498277 69.01290587188451 0.7604574816159029 0.09922985521727318 0.021479524368974687 0.00037253487059732995 0.0056800005165200465 7.56915814021652e-25 0.011357040137252594
58.56 5.863512073879423 79.96919759799374 9.004651736910242 1.9491042828084661 69.01288060388539 0.7604575796276883 0.0992228639831589 0.02147731137113296 0.00037253620001713726 0.005715503519067902 0.0 0.011371269239179168
59.52 5.863324308956482 79.96835629282815 9.004031011974492 1.948908166694915 69.01285607532101 0.7604576748884087 0.09921607186529864 0.02147516067732936 0.00037253750181391723 0.005749995355103864 0.0 0.011385097785679149
60.48 5.863142090516648 79.96753884796034 9.003427923775531 1.9487175603080573 69.01283226251074 0.7604577674802259 0.09920947270421111 0.021473070395466965 0.00037253877608736853 0.005783507304705514 0.0 0.011398537944271163
61.44 5.862965392030293 79.96674526838989 9.002842472125867 1.9485324711329708 69.01280916314495 0.7604578574009311 0.09920306650175255 0.021471040608932773 0.00037254002251607275 0.0058160393594623985 0.0 0.01141158917774378
62.4 5.862793896080696 79.96597414690874 9.002273618003565 1.9483525725172846 69.01278673558087 0.7604579448064425 0.0991968418892387 0.02146906773575204 0.0003725412430082763 0.00584764925281342 0.0 0.01142427452281689
63.36 5.862627736705342 79.96522626773803 9.00172193444581 1.9481780561530047 69.0127649993521 0.7604580296033657 0.09919080514140119 0.02146715387968099 0.0003725424364721248 0.005878305119753083 0.0 0.011436580445575675
64.32 5.86246602526445 79.9644975861984 9.001184438862655 1.9480079768466902 69.01274383726007 0.7604581122504144 0.09918492362139185 0.021465288675042514 0.0003725436070500996 0.005908172699483979 0.0 0.011448573597289775
65.28 5.86230945790376 79.96379136385372 9.000663532942083 1.9478431019234927 69.01272334209064 0.7604581923748813 0.09917922361243375 0.021463480537935054 0.00037254475122350635 0.005937118520508386 0.0 0.011460199871885172
66.24 5.862157625555111 79.96310581183333 9.000157895676082 1.9476830169405244 69.01270346028308 0.760458270176824 0.0991736906613041 0.02146172492387331 0.0003725458709925866 0.005965215979690929 0.0 0.011471488486409765
67.2 5.862009804135109 79.96243772369726 8.99966515978561 1.9475269762246545 69.012684098101 0.7604583460189499 0.09916829886548752 0.021460013655851318 0.00037254696982348413 0.0059925966162652534 0.0 0.01148249200640176
68.16 5.861866571085572 79.96178975376341 8.999187281671585 1.94737560237712 69.01266533105618 0.7604584195975682 0.09916306963462898 0.02145835356230358 0.000372548044775192 0.006019151708054243 0.0 0.011493166540299176
69.12 5.8617278870254195 79.96116177900493 8.998724168661614 1.9472288695310356 69.01264715464644 0.7604584909251315 0.09915800195616374 0.021456744360117835 0.00037254909641811195 0.006044886397865209 0.0 0.011503513910542005
70.08 5.861592932688214 79.96055016538658 8.99827313847788 1.9470859322236067 69.01262946229598 0.7604585604118218 0.09915306648073603 0.021455176777865792 0.00037255012683804167 0.0060699497275919535 0.0 0.011513593714420406
71.04 5.8614614814133335 79.95995393233639 8.9978334665012 1.9469465636788266 69.01261222474957 0.7604586281679294 0.09914825528035844 0.02145364832896557 0.0003725511400071344 0.0060943819577272415 0.0 0.011523421937670425
72.0 5.861333987550431 79.95937510591018 8.997406647361354 1.946811236363631 69.01259550112233 0.7604586939640428 0.09914358471006354 0.02145216419485743 0.0003725521310538709 0.006118100036098589 0.0 0.011532965284217104
72.96 5.861210347317438 79.95881335934709 8.996992436180792 1.9466798806532284 69.0125792791168 0.7604587578326163 0.09913905209345437 0.021450723613080997 0.0003725531024753538 0.006141117552379601 0.0 0.011542228644121404
73.92 5.861090754083335 79.95826951439562 8.996591440030501 1.9465526865693918 69.01256358345644 0.7604588196814834 0.09913466407284158 0.02144932866737349 0.0003725540511427584 0.006163400777859516 0.0 0.011551198637203166
74.88 5.8609742284873505 79.95773927485952 8.996200486862303 1.9464286564037543 69.01254828736377 0.760458879994899 0.09913038594041346 0.021447968416966966 0.000372554983252284 0.006185125963922915 0.0 0.011559945578486422
75.84 5.860861534486379 79.95722603987613 8.995822084679299 1.9463085822961788 69.0125334900956 0.7604589383881941 0.09912624513974254 0.021446651548945837 0.0003725558949906982 0.006206153749234144 0.0 0.01156841364212648
76.8 5.860751486379482 79.95672454375844 8.995452347571565 1.9461912383092894 69.0125190374051 0.7604589954563408 0.09912219915066015 0.021445364619280288 0.0003725567920192356 0.006226700057796012 0.0 0.011576689236225051
77.76 5.8606445097214275 79.95623667241338 8.995092666932251 1.9460770635949771 69.01250498480044 0.7604590509870672 0.09911826319818233 0.02144411244396379 0.0003725576723488214 0.0062466875763451885 0.0 0.011584741414685651
78.72 5.860541013509105 79.95576434421677 8.9947444558457 1.9459665099132752 69.01249138595131 0.7604591047589495 0.09911445274709747 0.02144289997799199 0.0003725585337368446 0.0062660377709428654 0.0 0.011592538324307724
79.68 5.860440298963083 79.95530441523942 8.994405394902373 1.9458588433509758 69.01247815001213 0.7604591571295036 0.09911074241712765 0.021441719172767736 0.00037255937974202993 0.00628487952798476 0.0 0.011600131701469944
80.64 5.860342472046395 79.95485738010069 8.994075848425863 1.9457541804506082 69.01246529077213 0.7604592080415726 0.09910713619557387 0.02144057130659532 0.0003725602090080922 0.006303192599546983 0.0 0.011607513332027572
81.6 5.86024735324667 79.95442242832327 8.993755218472169 1.9456523320218173 69.01245278482702 0.7604592575873879 0.09910362753949231 0.02143945430471586 0.00037256102377957736 0.006321010212630599 0.0 0.011614696555361258
82.56 5.860155607538884 79.95400265876927 8.993445787850733 1.9455540266338758 69.01244071988526 0.7604593054117137 0.09910024143118376 0.0214383761580497 0.0003725618193501573 0.006338205501867513 0.0 0.011621630001954554
83.52 5.86006587278566 79.95359187575629 8.993142988428282 1.9454578148282804 69.01242891739196 0.7604593522190317 0.09909692788212035 0.021437320970196308 0.00037256260390270513 0.00635503231820519 7.893902920500162e-23 0.011628415854114468
84.48 5.859978814872074 79.95319309456077 8.992849043454386 1.9453644016461964 69.01241746456006 0.7604593976674775 0.09909371122110207 0.021436296473463186 0.0003725633733501256 0.006371367117030028 1.801375988589074e-22 0.0116350044155456
85.44 5.859894195293729 79.95280526777037 8.992563179599268 1.94527354381118 69.01240633050142 0.7604594418749007 0.09909058298645798 0.021435300000088062 0.0003725641287984342 0.006387252867981115 0.0 0.011641412832212
86.4 5.859812069865135 79.95242866666533 8.992285596330449 1.9451853057274746 69.01239552264317 0.7604594848096238 0.09908754536148003 0.02143433225658834 0.00037256487061193555 0.006402678484052652 0.0 0.01164763656375591
87.36 5.859732341975047 79.95206287499714 8.992015986116392 1.9450995911882119 69.0123850284418 0.7604595265179727 0.09908459498151052 0.02143339218805586 0.0003725655983588073 0.006417661051483348 0.0 0.01165368239064532
88.32 5.859655453947253 79.95170990186281 8.99175583006637 1.9450168703101858 69.01237490591912 0.7604595667717704 0.0990817480543228 0.021432484950406498 0.0003725663100914816 0.006432118265383137 0.0 0.011659517176144864
89.28 5.859580309644903 79.95136477885984 8.99150146475833 1.9449359814295863 69.01236501138446 0.7604596061352519 0.0990789644918177 0.021431597803579193 0.0003725670111517733 0.00644625369946035 0.0 0.011665222808102702
90.24 5.859507220969671 79.95102897361657 8.991253970698043 1.9448572701596691 69.01235538645221 0.7604596444412829 0.09907625611901971 0.02143073453839528 0.0003725677017976379 0.006460007304363423 0.0 0.011670774917383738
91.2 5.859436326861528 79.95070308247058 8.991013788367367 1.944780874594324 69.01234604893261 0.7604596816220595 0.09907362775519835 0.02142989666908587 0.0003725683793679204 0.0064733546079638465 0.0 0.011676163777650775
92.16 5.8593675140132335 79.95038659739073 8.990780543089665 1.944706676344018 69.01233698382192 0.7604597177346735 0.09907107530092644 0.021429082897418635 0.000372569044637042 0.0064863164277010775 0.0 0.011681397734521787
93.12 5.859300898069429 79.95008008473368 8.990554651243174 1.944634809800591 69.01232820674514 0.7604597527137552 0.09906860331339487 0.02142829469758835 0.00037256969724750187 0.006498869621253061 0.0 0.011686467309725961
94.08 5.859236009462972 79.9497814082177 8.99033453775665 1.9445647750877524 69.01231965620808 0.7604597868026253 0.09906619455670843 0.021427526587360222 0.00037257033955368114 0.0065111017156127635 0.0 0.011691407741916975
95.04 5.859172894142412 79.94949077045007 8.990120352179613 1.944496619455776 69.01231133803402 0.7604598199780367 0.09906385066739537 0.02142677908492851 0.0003725709720171185 0.006523004400503713 0.0 0.011696215702976607
96.0 5.8591116045145455 79.94920842095155 8.989912278059096 1.9444304018480494 69.01230325927096 0.760459852212086 0.09906157365442879 0.021426052836882866 0.0003725715931512795 0.006534567474452106 0.0 0.011700887037418919
