time_d pH Ptot_atm pH2_atm pCO2_atm pCH4_atm CH4_g_mol H2_g_mol CO2_g_mol SO4 Formate Acetate Ca
0.0 7.0 2.567180208123681 0.0 2.567180208123681 0.0 0.0 0.0 0.0 0.00037000000000000005 0.0 9.999999999999993e-07 0.004100000000000002
0.96 5.887343888407919 80.03272067083876 9.105313244961575 1.908286440752041 69.01719261146295 0.7602231595919846 0.10029486483351928 0.02101974149486394 0.0003718612243952564 0.0001278457622616115 3.959344586859541e-11 0.01003030473376438
1.92 5.886171355830696 80.02801627257395 9.101825647989935 1.9072153971872938 69.01704654186129 0.7602236768409774 0.10025672941366051 0.021008002724336377 0.0003718677804180399 0.0003215280913949524 3.350487920853369e-17 0.010105852588797233
2.88 5.885040426302864 80.02344638563173 9.098438998889248 1.9061729966192689 69.01690540439259 0.7602241805374443 0.10021969677674603 0.020996577517149777 0.0003718742245455069 0.0005096093882734756 2.8209644053648917e-21 0.010179381140179473
3.84 5.883948376348774 80.01900309674384 9.095147312126686 1.905157628674534 69.01676888094443 0.760224671439707 0.10018370157231692 0.02098544825820158 0.00037188056503700134 0.0006924215635378615 0.0 0.010251003855535581
4.8 5.882894418345722 80.01468599608782 9.091950175337345 1.904169374576224 69.01663689256165 0.7602251494832624 0.10014873938166766 0.020974615869610514 0.0003718867960870672 0.0008699870704383815 0.0 0.010320714905458418
5.76 5.881876554458824 80.01048960478346 9.088843428410643 1.9032071468903604 69.01650920731859 0.7602256151704021 0.10011476479934377 0.020964068462229868 0.000371892918975668 0.0010425365238511122 0.0 0.010388590890774317
6.72 5.880893707222424 80.00641197394367 9.085825534151258 1.902270651074626 69.01638570772548 0.7602260686203883 0.10008176109432627 0.020953802835196673 0.0003718989306610871 0.0012101549075586283 0.0 0.010454652502960154
7.68 5.879944716694812 80.00245071839784 9.082894636135768 1.9013594849018358 69.01626626690324 0.7602265100065342 0.1000497080397923 0.020943814605831515 0.00037190483075271797 0.001372944959757375 0.0 0.010518928027965651
8.64 5.879027754457296 79.99860033988212 9.080046587516058 1.9004725124883053 69.01615066879341 0.7602269398622385 0.10001856035367247 0.02093409134623415 0.00037191061928399397 0.001531136671389891 0.0 0.0105814975322242
9.6 5.878141604643745 79.9948579177166 9.077279148261804 1.8996091887635016 69.01603877745119 0.7602273584321507 0.09998829360371461 0.02092462710426658 0.00037191629820597155 0.0016848541366986894 0.0 0.010642399382864055
10.56 5.877285482977247 79.99122209202412 9.074591241946305 1.8987693144341757 69.01593050847342 0.7602277657964704 0.09995889607756128 0.020915419716075745 0.000371921864408146 0.0018341568515941353 0.0 0.010701647582254743
11.52 5.876457778184378 79.98768788439031 9.071979121618678 1.8979518474632056 69.01582567197383 0.7602281624452685 0.09993032685208911 0.02090645777772548 0.00037192733264246075 0.00197925266511688 0.0 0.010759315580000593
12.48 5.875658158093928 79.98425557151755 9.069442930274459 1.8971569493649285 69.01572424002501 0.7602285482849653 0.09990258754179812 0.02089774307771621 0.00037193266631733145 0.0021201333897005402 0.0 0.010815391945572943
13.44 5.874884647081587 79.980918378116 9.066977603111248 1.896383147776314 69.01562597395328 0.7602289240185695 0.09987562280333183 0.02088925949181922 0.0003719379007721985 0.002257080109896556 0.0 0.01086998048429913
14.4 5.8741369016454845 79.9776762835091 9.064583072151299 1.8956305205580357 69.01553084308088 0.7602292895945179 0.0998494319356984 0.02088100788876913 0.0003719430295343977 0.002390096397228107 0.0 0.010923075679064052
15.36 5.8734135286920965 79.97452499115104 9.062256106207807 1.894898165021502 69.01543868434212 0.7602296454397324 0.09982397964648303 0.02087297838868979 0.0003719480519057663 0.002519361498061097 0.0 0.010974741122775656
16.32 5.872714076760648 79.97146341504092 9.059995870137241 1.8941858824695013 69.01534944544316 0.760229991641911 0.09979925683175052 0.020865168823640666 0.00037195296561888465 0.0026449216669885383 0.0 0.011024990877806255
17.28 5.872037358548684 79.96848806903007 9.057799734464368 1.8934929516989778 69.0152629905738 0.7602303285388439 0.09977523477535982 0.020857571302047278 0.00037195777491793246 0.0027669227471423473 0.0 0.011073875722626645
18.24 5.871383807632024 79.96560160263314 9.055669626284468 1.8928200349319795 69.01517938003043 0.760230655801147 0.09975193458250568 0.020850193093747717 0.0003719624655214801 0.002885257570020196 0.0 0.011121348993121857
19.2 5.870750419039181 79.96279291301552 9.053597285895597 1.8921646514820796 69.01509825054887 0.76023097462295 0.09972926595747096 0.020843007017470955 0.00037196707400842066 0.0030003847129383594 0.0 0.011167585501225858
20.16 5.870137421570766 79.96006304713632 9.051583478805428 1.8915270569478182 69.01501962804272 0.7602312848760728 0.09970723728471674 0.02083601587936287 0.00037197157635120436 0.003112261619489013 0.0 0.011212567351813663
21.12 5.86954425257876 79.95741100630417 9.049627420941492 1.890907093734968 69.01494345531457 0.7602315866266881 0.09968584002492063 0.020829217964516006 0.0003719759758097525 0.003220931658255367 0.0 0.011256305563638857
22.08 5.868970606863144 79.95483609906375 9.047728579033286 1.890304638784358 69.01486969714864 0.7602318799297902 0.09966506836751414 0.020822611931209264 0.0003719802774162278 0.003326424352943699 0.0 0.011298808846671303
23.04 5.868414975493685 79.95233261935815 9.045882710906358 1.8897184114780219 69.01479816987369 0.7602321654005514 0.09964487593449076 0.02081618374689968 0.0003719844801305413 0.0034289752477041544 0.0 0.011340167497727718
24.0 5.867876858405373 79.94989918778191 9.044088771680315 1.889148134243899 69.01472881639313 0.7602324431683986 0.09962525132025196 0.020809930376261197 0.00037198859195009703 0.0035286422748253155 0.0 0.011380401076486208
24.96 5.867355812324239 79.94753459494952 9.042345843821998 1.8885935647775982 69.01466158703171 0.7602327133448071 0.09960618450896418 0.02080384916979686 0.00037199261057051296 0.0036254763086645786 0.0 0.011419526662269322
25.92 5.866851300738066 79.94523708518868 9.040652611657078 1.8880543272424624 69.0145964174795 0.7602329761087808 0.09958766112831102 0.020797936013045047 0.00037199653748092525 0.003719550349849214 0.0 0.011457570765693655
26.88 5.86636271548383 79.9430046826824 9.03900759355297 1.8875299975994637 69.01453323742194 0.7602332316590834 0.09956966498944134 0.020792186263128603 0.00037200037395330153 0.0038109466208310567 0.0 0.011494563276677637
27.84 5.865889558121836 79.94083565019243 9.037409492621807 1.8870201969054483 69.01447198531545 0.7602334801797589 0.09955218192271884 0.020786595770341414 0.0003720041235083154 0.0038997370940178746 0.0 0.011530530935750728
28.8 5.865432141694906 79.9387319902437 9.035859764849327 1.8865254248217809 69.01441270810928 0.7602337214204214 0.09953522787079627 0.020781170019298478 0.00037200777402230284 0.003985840809059552 0.0 0.011565438496304842
29.76 5.864988479623312 79.93668572591798 9.034352501117503 1.8860438592553237 69.01435515956825 0.7602339562643761 0.09951873821521379 0.02077588903782256 0.00037201135339482534 0.004069585937977541 0.0 0.011599414405728384
30.72 5.8645584061532166 79.93469604542555 9.032887101727702 1.8855753115295668 69.01429931623794 0.7602341848014664 0.09950270639893379 0.020770750758137974 0.00037201484790108094 0.004151005796454211 0.0 0.011632472054792493
31.68 5.864141797538623 79.93276306869826 9.031463634539962 1.8851198431550857 69.0142451686369 0.7602344069976121 0.09948713318174375 0.020765755860700185 0.00037201826004435096 0.004230096528362668 0.0 0.011664607070590811
32.64 5.863738078154546 79.93088466101491 9.03008051112394 1.884676977394573 69.01419264705606 0.7602346230806736 0.09947200119946424 0.020760899122130368 0.00037202159322675076 0.00430694632411166 0.0 0.011695853072213961
33.6 5.863346839897331 79.92905933520852 9.028736623302144 1.884246384300536 69.01414170234322 0.7602348332100155 0.09945729833939011 0.020756176927908078 0.0003720248484462259 0.004381616706516748 0.0 0.011726233338184028
34.56 5.8629677319006515 79.92728593613317 9.027431106822146 1.8838278150791878 69.01409229230192 0.7602350375043477 0.09944301515988595 0.020751586554025515 0.00037202802865225326 0.0044541556297667175 0.0 0.011755765407032671
35.52 5.862600546743848 79.9255638793737 9.026163518817116 1.8834211506452838 69.01404439441072 0.7602352360176894 0.09942914682487819 0.020747126697898886 0.0003720311296685442 0.004524587659229091 0.0 0.011784457680160388
36.48 5.862244729252391 79.92389099047365 9.024932246335704 1.8830258983672712 69.01399793964816 0.7602354289885576 0.09941567569944305 0.02074279196077784 0.00037203415856758835 0.00459300236001737 0.0 0.011812344900772894
37.44 5.8618996522554605 79.92226471277291 9.023735395638033 1.8826414728721403 69.01395285030178 0.7602356166986282 0.09940258107393675 0.020738575926218042 0.0003720371184867307 0.004659504911604397 0.0 0.011839468357120273
38.4 5.861565148238737 79.92068447040054 9.02257253605707 1.8822677494463562 69.0139091058359 0.7602357992091356 0.09938985824378177 0.020734477228849336 0.0003720400064972003 0.004724119213649831 0.0 0.011865836862430925
39.36 5.86124130003489 79.9191511520099 9.021444307403062 1.881904960991751 69.013866722205 0.7602359764035255 0.09937751422085611 0.02073049842695143 0.0003720428251457421 0.004786809656478726 0.0 0.011891433957449323
40.32 5.860926890182719 79.91765924485176 9.020346645588246 1.8815518155894364 69.01382554235414 0.7602361489083097 0.09936550454599792 0.020726625353925863 0.0003720455815826678 0.00484780203425948 0.0 0.011916350789380385
41.28 5.860622082337892 79.91620974644896 9.019280277720178 1.881208560453216 69.01378558952342 0.7602363166041965 0.09935383718187936 0.020722860723409772 0.0003720482705681229 0.004907055913149468 0.0 0.011940569922899704
42.24 5.8603270421586435 79.91480383206932 9.018246057427524 1.8808754915847292 69.01374688938633 0.7602364793411198 0.09934252147653679 0.02071920778472088 0.00037205089394106594 0.0049645238185765835 0.0 0.011964070458238713
43.2 5.860040677914598 79.913436400124 9.017240228187731 1.8805514062901538 69.01370929929315 0.7602366377081848 0.0993315163335018 0.020715653348811886 0.00037205345554174285 0.005020414469499547 0.0 0.011986937262259882
44.16 5.8597627780091095 79.9121068571674 9.01626234207316 1.8802361823327707 69.01367279590238 0.7602367917613472 0.09932081686034755 0.020712196078014562 0.0003720559605099924 0.005074752712120691 0.0 0.012009178930509817
45.12 5.859493796026939 79.910817469943 9.01531406284801 1.8799303627481077 69.01363743927173 0.7602369412356444 0.09931044126537515 0.020708841929555938 0.0003720584004340847 0.0051274460793409955 0.0 0.012030757170107943
46.08 5.859232432855719 79.9095623327541 9.014391038286497 1.8796325610870597 69.01360306204579 0.7602370868051249 0.09930034193567797 0.020705575699655303 0.0003720607884227889 0.005178736377572781 0.0 0.012051769774306177
47.04 5.858978994653304 79.9083430256078 9.013494426643161 1.879343158009031 69.01356970539429 0.7602372282846542 0.09929053154804662 0.020702401564539192 0.000372063118474755 0.005228559231430999 0.0 0.01207218989982176
48.0 5.858733657246056 79.90716064387175 9.012625026539826 1.8790624248889969 69.01353739472859 0.7602373655394595 0.09928101884687954 0.020699322502671435 0.000372065390512841 0.005276870232930979 0.0 0.012091998392099443
48.96 5.858495311202561 79.90601002644499 9.011779037614382 1.8787891448263685 69.01350598592768 0.7602374991620423 0.09927176225416512 0.020696325168711834 0.00037206761201016115 0.0053238805409197365 0.0 0.012111281098649656
49.92 5.85826451517663 79.90489398707409 9.010958525066256 1.8785239919820975 69.01347555351764 0.7602376288228772 0.09926278437041952 0.02069341695805262 0.00037206977816032805 0.005369475380400452 0.0 0.012129990465677254
50.88 5.8580401684671255 79.9038074793366 9.010159771314248 1.8782657792828321 69.01344595544839 0.7602377551008891 0.09925404452448741 0.02069058485283265 0.0003720718986129845 0.005413861303060666 0.0 0.012148210220063469
51.84 5.85782252831802 79.9027517304613 9.009383678416421 1.8780147987235236 69.01341722496146 0.7602378778540958 0.09924555258772585 0.020687832056031554 0.0003720739682365998 0.005456988181403501 0.0 0.012165919785081431
52.8 5.857611372464623 79.90172592528118 9.008629640149568 1.8777708678068357 69.01338933555044 0.7602379971693991 0.09923730193244747 0.020685156567894544 0.0003720759896874937 0.005498889673993291 0.0 0.012183132016824274
53.76 5.857406505470145 79.9007291861154 9.007897009047028 1.8775337815472022 69.01336226193675 0.7602381131464433 0.09922928547645439 0.020682556140889395 0.00037207796257250636 0.0055396017508965376 0.0 0.012199861384512515
54.72 5.857207871177697 79.89976146361906 9.007185742862603 1.8773035378228689 69.01333599912576 0.7602382257848681 0.09922150276240313 0.02068003075341574 0.000372079891545205 0.005579126734681849 0.0 0.012216108023285585
55.68 5.857015034990369 79.89882061754864 9.006494268555018 1.8770796272863133 69.01331048915436 0.7602383353333793 0.09921393657817039 0.02067757481888488 0.0003720817764405485 0.005617552042157862 0.0 0.012231907887289457
56.64 5.856828370013105 79.89790869671313 9.005824085882738 1.8768625472481035 69.01328578385309 0.7602384415494485 0.0992066033397849 0.02067519379378389 0.00037208361190207675 0.005654794303958729 0.0 0.012247225873147548
57.6 5.856646940664795 79.89702122079159 9.005171899709769 1.8766512353609262 69.0132617601474 0.7602385449499411 0.09919946699325025 0.020672876026521996 0.0003720854082726436 0.00569103662299537 0.0 0.012262136930825883
58.56 5.856471454012591 79.89616166221317 9.004540261030888 1.8764465197190885 69.01323851155568 0.7602386451300518 0.09919255545335648 0.020670630600445467 0.0003720871592064473 0.005726137235556052 0.0 0.012276582651349592
59.52 5.8563004551919695 79.89532314334548 9.003924109555431 1.8762467723832676 69.01321584830566 0.7602387428851811 0.0991858133539998 0.020668439661131747 0.00037208887546974435 0.005760377320116208 0.0 0.012290677859944288
60.48 5.856134568767864 79.89450869058422 9.003325669597738 1.8760527135171832 69.01319385247294 0.7602388378630435 0.09917926503440189 0.020666311107776326 0.00037209055227299876 0.005793633271756315 0.0 0.012304371767329498
61.44 5.855973988749569 79.89371937950041 9.002745728068732 1.875864604719556 69.01317255116611 0.7602389299351441 0.09917291910794229 0.020664247810698623 0.00037209218689417356 0.005825861347770717 0.0 0.012317645912268598
62.4 5.85581829845264 79.89295324661573 9.002182840237817 1.8756819819352397 69.01315188958651 0.7602390193273993 0.09916675976810765 0.020662244680548534 0.0003720937834492102 0.005857141822997711 0.0 0.012330533032546156
63.36 5.8556665921143685 79.89220595356659 9.001633815276138 1.8755038158339583 69.01313174930058 0.7602391065436697 0.09916075210191395 0.020660290427794065 0.00037209534500291466 0.005887652005141236 0.0 0.01234310573869549
64.32 5.855519768568846 79.89148184464003 9.001101846670817 1.8753311395852315 69.01311224816594 0.7602391910778697 0.09915493105321821 0.020658396384715068 0.00037209687515694017 0.005917214433331936 0.0 0.012355291162874059
65.28 5.855377327122263 79.89077870487081 9.000585300841108 1.8751634351313018 69.01309332272643 0.7602392731830675 0.09914927875135787 0.0206565568704783 0.0003720983671470794 0.005945919862898766 0.0 0.012367125827200027
66.24 5.855238614065318 79.89009326792105 9.000081779168873 1.8749999222977338 69.01307488527343 0.7602393532402624 0.0991437689493602 0.020654763327450715 0.0003720998294503455 0.005973901591920465 0.0 0.012378664785407431
67.2 5.855104006791457 79.88942747130963 8.999592702704467 1.874841066368481 69.01305698708518 0.760239431022067 0.09913841719865037 0.020653020859824102 0.0003721012588091534 0.006001080642855393 0.0 0.01238987520984089
68.16 5.854973360072145 79.88878065862428 8.999117587692034 1.8746867134825187 69.01303960932913 0.7602395066031923 0.09913321820724233 0.020651327780418543 0.0003721026562825624 0.006027483891787548 0.0 0.012400767953897517
69.12 5.854846576856244 79.888152427178 8.998656136276994 1.8745367708345178 69.01302273995267 0.7602395800287091 0.09912816871753742 0.020649683071843467 0.0003721040232894655 0.006053127882922316 0.0 0.012411349560992527
70.08 5.854723617722523 79.8875425581282 8.998208188142083 1.8743911856537445 69.01300637319204 0.7602396513240918 0.09912326697532364 0.020648086155270428 0.0003721053581349353 0.0060780215267200585 0.0 0.012421623764470147
71.04 5.8546041162582325 79.88694936774755 8.997772503190712 1.874249561298737 69.01299046196388 0.7602397206834356 0.09911849941315283 0.020646532680826026 0.0003721066660725543 0.0061022337254605565 0.0 0.012431618534050918
72.0 5.854488148511189 79.8863731362968 8.99734928939715 1.8741119612922088 69.01297501505306 0.7602397880756684 0.09911386830561812 0.02064502334487529 0.0003721079429054324 0.0061257529301627246 0.0 0.012441329408262303
72.96 5.854375930059259 79.88581523083711 8.996939543706498 1.873978723645234 69.01296006461358 0.7602398533339044 0.09910938456723425 0.02064356185682831 0.00037210919189925286 0.006148523707914252 0.0 0.012450732504541614
73.92 5.854266580467018 79.8852711007233 8.996539927922697 1.8738487550962588 69.01294549124052 0.7602399169942561 0.09910501166642881 0.020642136223795866 0.00037211041628515813 0.006170731589053692 0.0 0.012459904981169084
74.88 5.854160412081055 79.88474239169578 8.996151648313715 1.8737224524446636 69.0129313376837 0.7602399788622113 0.09910076280486596 0.020640750798905597 0.00037211161443935394 0.006192309528369737 0.0 0.012468818835387308
75.84 5.854057769242184 79.88423085477756 8.995775989961212 1.8736002357492438 69.01291764991144 0.7602400387310179 0.09909665204595033 0.0206394101901298 0.0003721127835280276 0.006213186104656808 0.0 0.012477444434928542
76.8 5.853957697476777 79.88373179627808 8.99540950420551 1.8734809859024895 69.01290430176053 0.7602400971495598 0.09909264165273857 0.020638102122270567 0.0003721139307978568 0.006233552966373627 0.0 0.01248586072488996
77.76 5.853861044721382 79.88324941445441 8.995055274826093 1.8733657053957626 69.01289140543018 0.76024015362597 0.09908876537051918 0.020636837591730454 0.00037211505093191245 0.006253238738296366 0.0 0.012493996989295549
78.72 5.853767071952379 79.88278012212157 8.994710665028869 1.873253540758688 69.01287886381317 0.760240208578186 0.09908499434693802 0.02063560723728197 0.0003721161477117445 0.0062723899472251704 0.0 0.01250191343020852
79.68 5.853675477912269 79.88232242742166 8.994374579007966 1.8731441360183514 69.0128666367549 0.7602402621804882 0.0990813165911447 0.02063440715432265 0.0003721172253930946 0.006291067489455674 0.0 0.012509635162461554
80.64 5.853587098793694 79.88188044232646 8.99405003746889 1.8730384718831625 69.01285483502386 0.7602403139528648 0.09907776515761438 0.020633248100181068 0.00037211827531567375 0.006309103499190254 0.0 0.012517093011678854
81.6 5.853501159594924 79.8814504550931 8.99373431127899 1.8729356672434674 69.01284335692282 0.760240364325579 0.09907431018452555 0.020632120410708197 0.000372119305107118 0.006326649628108215 0.0 0.012524349118992735
82.56 5.853417287772128 79.88103055323398 8.993425997157482 1.8728352630343195 69.01283215221756 0.7602404135241826 0.09907093631517117 0.02063101905009032 0.00037212031766049533 0.006343783867057447 0.0 0.012531435880839974
83.52 5.853335845096871 79.88062256090399 8.993126433964747 1.8727376960905169 69.01282126945824 0.7602404613348875 0.09906765820100767 0.020629948810226627 0.0003721213089498652 0.0063604318089847635 0.0 0.012538322481032923
84.48 5.853257142619745 79.88022807743873 8.992836795154954 1.8726433507096054 69.01281075030602 0.7602405075684714 0.09906448868412678 0.02062891390687635 0.00037212227881978054 0.006376528234825426 0.0 0.01254498180198688
85.44 5.8531807272072465 79.87984484497343 8.99255542240797 1.8725516873592751 69.01280053463506 0.7602405524896285 0.09906140961776191 0.020627908421868353 0.0003721232281843946 0.006392165303786955 0.0 0.012551451911090023
86.4 5.853106207476977 79.87947089635092 8.992280871578801 1.8724622353967633 69.01279056997821 0.7602405963287616 0.09905840519867627 0.020626927192577676 0.000372124161528141 0.006407423273243907 0.0 0.012557766013390407
87.36 5.8530342051654 79.87910944903328 8.99201550254429 1.8723757684079385 69.01278094048877 0.7602406387062426 0.09905550125289803 0.020625978705334492 0.00037212507371991294 0.006422170984435769 0.0 0.012563869522139465
88.32 5.852963873563061 79.87875618107945 8.991756143793939 1.8722912496327058 69.01277153228583 0.7602406801308178 0.0990526630732571 0.020625051587174686 0.0003721259713757933 0.006436584699812212 0.0 0.012569835591817603
89.28 5.852895866930784 79.87841443592262 8.991505248722136 1.8722094814751384 69.01276243316674 0.7602407202084552 0.09904991750866084 0.020624154640342146 0.00037212684970216737 0.006450528066267365 0.0 0.012575607607208765
90.24 5.852829893694774 79.87808273822074 8.991261734147447 1.8721301104704025 69.01275360436317 0.7602407591129827 0.09904725270554664 0.020623283987526667 0.00037212771024902 0.006464061283144784 0.0 0.01258121050915794
91.2 5.852765531986866 79.87775901307172 8.991024075876556 1.8720526418627546 69.01274498981597 0.7602407970861754 0.09904465198538423 0.020622434201817797 0.0003721285568865803 0.006477269051898224 0.0 0.01258667919691574
92.16 5.8527033092864675 79.87744588503924 8.990794201252717 1.8719777028978095 69.01273665963217 0.7602408338206388 0.09904213643904247 0.020621612163638267 0.00037212938554440956 0.006490044263207861 0.0 0.01259196942494071
93.12 5.8526425718841235 79.87714009519406 8.990569717095564 1.8719045146356497 69.01272852683908 0.7602408696983433 0.0990396798781182 0.020620809328632052 0.00037213020097645757 0.006502519915078315 0.0 0.012597136143773915
94.08 5.852584002943904 79.87684512866706 8.990353180671116 1.8718339132000372 69.01272068334782 0.760240904309238 0.0990373102880544 0.02062003486892595 0.00037213099826005917 0.006514553882979801 0.0 0.012602120361302876
95.04 5.852526750104371 79.87655658084202 8.990141361277315 1.871764839976394 69.01271301364775 0.7602409381722482 0.09903499231299841 0.020619277171474562 0.0003721317825040721 0.006526325723521673 0.0 0.012606996778475444
96.0 5.852471308868396 79.8762772244581 8.989936287895485 1.8716979692026454 69.01270558737788 0.7602409709565101 0.09903274816115591 0.020618543633888424 0.0003721325539431356 0.006537722648662766 0.0 0.012611717790764507
