time_d pH Ptot_atm pH2_atm pCO2_atm pCH4_atm CH4_g_mol H2_g_mol CO2_g_mol SO4 Formate Acetate Ca
0.0 7.0 2.9165578400685908 0.0 2.9165578400685908 0.0 0.0 0.0 0.0 0.0003700000000000129 0.0 1.0000000000000004e-06 0.0041
0.96 5.873686096152383 80.34107134848804 9.107517115800167 2.197435411404623 69.0349168630796 0.7613086380916118 0.10043658726471773 0.02423304954030104 0.0003712192619749236 0.00011919932071447402 6.344544136296068e-12 0.00931478026859713
1.92 5.872414864145036 80.33636332628903 9.104005176531267 2.1964034462483566 69.03475253577379 0.7613091292053593 0.10039816177557012 0.024221742435884454 0.00037122610600966106 0.00031433496597228213 5.824833863544689e-19 0.009387454578161526
2.88 5.871188281484647 80.33178986479608 9.100595073920156 2.195398610548668 69.03459381091427 0.7613096077688138 0.10036084930350696 0.024210732081229928 0.0003712328268992302 0.0005038183053239638 4.2953460377257105e-23 0.009458220631334325
3.84 5.870003993452045 80.3273450537218 9.097282259609205 2.194419834817552 69.03444039562419 0.7613100742583827 0.10032460019834476 0.024200006805640766 0.0003712394267482212 0.0006879014750204435 1.2511825430899375e-24 0.0095271535047259
4.8 5.868860119329304 80.32302458414745 9.094063388966642 2.1934663855528087 69.03429205875857 0.7613105289914911 0.10028937797233711 0.024189558616582372 0.0003712459072652201 0.0008667697677979783 1.3077910204362965e-24 0.009594304619502574
5.76 5.867756398410065 80.31882977301912 9.090939329482019 2.192538737005686 69.03414877543635 0.761310971713152 0.10025519221272824 0.024179392749858516 0.00037125225983571753 0.0010403745033765518 0.0 0.009659640428929766
6.72 5.866689371959794 80.3147501464527 9.087902157559741 2.191634773769243 69.03401011016408 0.7613114034032975 0.10022195631573079 0.024169486064946986 0.00037125849961422094 0.001209155474209881 0.0 0.009723309671687441
7.68 5.865658964909706 80.310787454955 9.084953077739945 2.190755041670527 69.03387606303227 0.7613118237755288 0.10018968354358838 0.024159844576934698 0.0003712646046667061 0.0013730453370770198 0.0 0.00978527377745199
8.64 5.864663560666687 80.3069376811654 9.082088999440687 2.189898813482801 69.03374643418775 0.7613122331541978 0.10015834016013149 0.024150460350155382 0.0003712705910238737 0.001532215415291516 0.0 0.009845583797499316
9.6 5.863701501077099 80.30319640024615 9.079306539155755 2.189065253053847 69.03362101814847 0.7613126319159774 0.1001278892134633 0.02414132425136018 0.00037127645543576 0.001686853363310467 0.0 0.009904298483625487
10.56 5.862771312849009 80.2995597722422 9.076602755523425 2.1882536436449738 69.03349963278949 0.7613130203825518 0.10009829858508396 0.024132428453826626 0.00037128220174540447 0.0018371222899424952 0.0 0.009961468183802712
11.52 5.861872341337816 80.29602692331308 9.073976921655307 2.1874639141593764 69.03338220212166 0.761313398568327 0.10006956038349475 0.024123772204256187 0.0003712878258624172 0.0019830622758153994 0.0 0.010017097803018795
12.48 5.861003598044345 80.29259571780479 9.0714273729273 2.186695712418825 69.03326860710557 0.7613137666246249 0.10004165645493128 0.024115351668513967 0.00037129332908718515 0.002124765514093979 0.0 0.010071212022332085
13.44 5.860164381928275 80.28926499564267 9.068953176601193 2.1859488936467133 69.03315876504304 0.7613141246037912 0.10001457665041849 0.024107165283633956 0.0003712987109720339 0.0022622835485487675 0.0 0.010123820935124204
14.4 5.859352689468603 80.28602804583076 9.066549290869892 2.1852220447881567 69.03305241945792 0.7613144731683493 0.09998826583679919 0.024099197579727 0.00037130397142156305 0.0023958963690086117 0.0 0.010175024034094933
15.36 5.858566651325262 80.28287928753154 9.06421149436819 2.1845140366237583 69.03294933976957 0.761314812842114 0.0999626778720374 0.024091436203364385 0.00037130912640672217 0.0025258382896007512 0.0 0.010224900674672115
16.32 5.857807211049226 80.2798234428113 9.06194324946057 2.1838260019916085 69.03284965297728 0.7613151430708062 0.09993785069211425 0.02408389358847914 0.00037131416463539394 0.0026519166749235687 0.0 0.010273371050735518
17.28 5.857072010491143 80.27685217698223 9.0597383192619 2.1831561451328168 69.03275305664317 0.7613154647033802 0.0999137160728343 0.0240765500659052 0.0003713190862282473 0.002774477990486042 0.0 0.010320561607358728
18.24 5.856360762781646 80.27396576025144 9.057596846264882 2.182504621015852 69.03265952344627 0.7613157776522461 0.0998902756215212 0.024069407353753104 0.0003713239027381864 0.0028935140729998247 0.0 0.010366461304347117
19.2 5.855672284254529 80.2711602490631 9.05551586659735 2.181870601176636 69.03256890196528 0.7613160823056088 0.09986749692910654 0.024062456382728758 0.0003713286074614999 0.0030091895130315927 0.0 0.010411128487619672
20.16 5.855005690997937 80.2684332190743 9.053493534479045 2.181253615105411 69.03248108398996 0.7613163788789269 0.09984535983132589 0.024055692010424384 0.0003713332090342727 0.003121606710731129 0.0 0.01045459621362031
21.12 5.854361247461119 80.26578658113678 9.05153123094097 2.180654152531811 69.03239610964127 0.7613166671271087 0.09982387947540587 0.024049119618141372 0.0003713376994429678 0.0032306887530163093 0.0 0.010496829960241772
22.08 5.853736788563228 80.26321255689881 9.049623145148646 2.1800705232096877 69.03231370128898 0.7613169478534477 0.09980299229009916 0.024042720689061697 0.00037134209244870514 0.0033367584696943507 0.0 0.01053794871255688
23.04 5.853132725946113 80.26071349458758 9.047770989361322 2.179503305276239 69.03223391681955 0.7613172207724088 0.09978271704365146 0.024036501571717953 0.000371346378386615 0.003439720560211099 0.0 0.010577911738134035
24.0 5.852547913549317 80.25828565479434 9.04597195292567 2.178951713336811 69.03215661267735 0.7613174862527994 0.09976302300046981 0.02403045366777803 0.00037135056725229147 0.003539731107528843 0.0 0.010616774289559457
24.96 5.851981631282389 80.25592661158214 9.044224214012926 2.178415235591695 69.0320816964321 0.7613177445348593 0.09974389023882904 0.024024571374184397 0.00037135465379670277 0.0036368912869662005 0.0 0.010654572424066608
25.92 5.851433644640631 80.25363626753523 9.042527666373124 2.1778939049063246 69.03200914400368 0.7613179955949265 0.09972531762360498 0.024018855062527295 0.00037135864355972923 0.0037312068641735113 0.0 0.01069130376019107
26.88 5.850902684840592 80.25141003850011 9.040878886008908 2.1773867235848416 69.03193879272169 0.7613182399066908 0.09970726769504794 0.024013293802704557 0.0003713625439053547 0.003822868070990388 0.0 0.010727038546191238
27.84 5.850388058175487 80.24924543301057 9.039276009640375 2.1768931533626694 69.03187055254989 0.7613184777247413 0.09968972007160433 0.02400788169908967 0.0003713663491822967 0.00391197841730045 0.0 0.010761814714698259
28.8 5.849889914876434 80.24714383969473 9.03772003704111 2.176413557209578 69.03180444938651 0.7613187088680243 0.09967268572217265 0.02400262274117721 0.00037137006362511705 0.003998482201627872 0.0 0.010795606634516937
29.76 5.84940699084511 80.24510051632545 9.03620743412018 2.175946889952113 69.03174032006233 0.7613189338346249 0.09965612597570407 0.023997505475901584 0.00037137369348442086 0.004082575806419189 0.0 0.010828487910547285
30.72 5.848939765335476 80.24311789343328 9.03473998340011 2.1754937337162708 69.03167823052962 0.7613191523385704 0.09964006036181211 0.023992536292432178 0.00037137723000417363 0.004164160062473328 0.0 0.010860417532018144
31.68 5.84848656037672 80.24118950884358 9.033312877371618 2.175052650778878 69.03161796357416 0.7613193650694752 0.09962443626793305 0.023987699433070827 0.0003713806877104702 0.004243502148117532 0.0 0.010891496740255293
32.64 5.848047727985197 80.239317187328 9.03192745319951 2.1746240808003603 69.03155956719358 0.7613195718114676 0.09960926834653733 0.023982999724025705 0.00037138405790557627 0.004320527661086184 0.0 0.010921694565369242
33.6 5.847622986256854 80.23750029240918 9.030583218618716 2.1742079118179323 69.03150300908719 0.7613197726132003 0.09959455122490428 0.023978435944308662 0.0003713873447770292 0.004395263886222323 0.0 0.010951018855906998
34.56 5.847210770488001 80.23573254004187 9.029275508920948 2.1738027298660825 69.03144808363301 0.7613199681535391 0.09958023384614688 0.023973992593508898 0.00037139055786589273 0.004467970103122697 0.0 0.010979569216826824
35.52 5.846811615064926 80.23401651002263 9.028006220715305 2.1734091451530895 69.0313948638906 0.7613201581337729 0.09956633698543423 0.02396967636743113 0.0003713936880622318 0.004538540816219526 0.0 0.011007302659164187
36.48 5.846424213251354 80.23234709163101 9.026771555510944 2.1730260149119647 69.03134318018657 0.7613203431023906 0.09955281906971054 0.023965474739915144 0.00037139674793001037 0.004607187141673909 0.0 0.011034299656253028
37.44 5.84604873001442 80.23072523650438 9.025572207410539 2.1726535734563286 69.03129305576498 0.7613205229450539 0.09953968770773008 0.023961390284111598 0.0003713997334967742 0.004673870446226782 0.0 0.011060543704801369
38.4 5.8456847691168985 80.22914962329537 9.024407185115493 2.172291540412348 69.03124444088427 0.7613206977929822 0.09952693205795965 0.02395741992996789 0.00037140264675477675 0.004738645785997898 0.0 0.011086054534601824
39.36 5.845331929988482 80.22761884100949 9.023275433096149 2.171939610885292 69.03119728490795 0.7613208677893091 0.09951454057331441 0.02395356033771319 0.0003714054890108038 0.004801571800994029 0.0 0.01111085361383763
40.32 5.844990590826643 80.2261347623051 9.022178326892627 2.171598230259349 69.03115163962646 0.761321032718667 0.09950252832324641 0.023949816395143163 0.0003714082578413113 0.004862571970966209 0.0 0.01113490956301079
41.28 5.844659167994348 80.22469086671252 9.02111103333388 2.1712659195512707 69.03110729647298 0.7613211932918313 0.09949084239984499 0.023946171886384506 0.000371410963001599 0.004921914971185299 0.0 0.0111583265618474
42.24 5.844337725906012 80.22328760058195 9.020073875532537 2.1709427923290674 69.03106426512545 0.7613213494519044 0.09947948634709765 0.023942628059381348 0.00037141360137976203 0.004979582808338129 0.0 0.01118109661525624
43.2 5.844026776233578 80.22192753634326 9.019068742823443 2.1706294602152516 69.031022617132 0.7613215008998974 0.09946848086106917 0.023939191625735167 0.00037141617144630774 0.005035470385208111 0.0 0.011203176604395756
44.16 5.84372443388804 80.22060263261875 9.018089684870208 2.1703240829936803 69.03098210137188 0.7613216485253695 0.09945776079730335 0.02393584240588969 0.00037141868519038434 0.005089908518828292 0.0 0.01122469618464579
45.12 5.843431333958389 80.21931586355173 9.01713889221749 2.170027357683392 69.03094280452096 0.7613217919885664 0.09944735014673065 0.023932588046752617 0.0003714211371936729 0.0051427753812806065 0.0 0.011245606240750383
46.08 5.843147139947003 80.21806597905885 9.016215433171341 2.1697390092695366 69.03090468315001 0.761321931421712 0.09943723871525546 0.02392942553490524 0.0003714235292775557 0.005194122741494975 0.0 0.011265926138262453
47.04 5.842871682579727 80.21685242091039 9.015318888295447 2.169458919955538 69.03086771623369 0.7613220668775812 0.09942742191531301 0.02392635358052195 0.0003714258619433222 0.005243973896995602 0.0 0.011285664173277239
48.0 5.8426047791751525 80.21567459734392 9.01444881296879 2.1691869654316847 69.03083188090984 0.761322198415724 0.09941789488557054 0.02392337082288732 0.0003714281368879294 0.005292353536035734 0.0 0.0113048290923671
48.96 5.842345791333769 80.2145298039787 9.013603204898908 2.1689225284378293 69.03079709224978 0.7613223263346456 0.099408635705769 0.02392047049358775 0.0003714303563834249 0.0053393729760785125 0.0 0.011323464393296139
49.92 5.842094893854364 80.21341907887388 9.012782821947605 2.1686658631938895 69.03076337625507 0.7613224505086247 0.09939965268117999 0.023917655383664367 0.0003714325209390951 0.005384990041169 0.0 0.011341552139135718
50.88 5.841851199669975 80.21233862456536 9.011984854474914 2.1684160998893867 69.03073061477306 0.761322571357614 0.09939091505121289 0.023914915954719927 0.00037143463611807843 0.005429360940015456 0.0 0.011359153616846154
51.84 5.8416153610024875 80.21129130215468 9.011211415543414 2.1681739000265194 69.03069889444212 0.7613226885608337 0.09938244595458921 0.023912259462482016 0.00037143669384836163 0.005472368175520071 0.0 0.011376222244238314
52.8 5.84138628316995 80.2102726479956 9.010459196305359 2.167938251649194 69.0306680722457 0.7613228026057958 0.09937420916926346 0.02390967481145876 0.00037143870554332925 0.005514195684838056 0.0 0.011392829271374508
53.76 5.841163916730574 80.20928239155059 9.00972799754298 2.167709090968815 69.03063814064565 0.761322913523093 0.09936620251398802 0.023907161302048806 0.00037144066997030716 0.005554854549096948 0.0 0.01140897922199748
54.72 5.840948350456344 80.2083211350747 9.009018257312968 2.167486568484912 69.03060911335234 0.7613230212383162 0.09935843079111589 0.023904720587152695 0.0003714425845602945 0.005594320380814112 0.0 0.011424661471856478
55.68 5.840739165109655 80.2073870984343 9.008328657817886 2.1672702774084884 69.03058093475255 0.7613231259475174 0.09935087957355539 0.023902348206115837 0.00037144445552210806 0.0056326664443030056 0.0 0.011439904684336174
56.64 5.840536267234567 80.20647995888291 9.007658957372511 2.167060148558189 69.03055359295105 0.7613232276834915 0.09934354621789064 0.02390004340130827 0.0003714462799948576 0.00566990616456251 0.0 0.011454713733480731
57.6 5.8403397163971045 80.2056001185681 9.007009448203249 2.1668562825104463 69.03052709730012 0.7613233263967272 0.09933643392787049 0.02389780727741713 0.00037144806269414634 0.005706023273132899 0.0 0.011469081523012962
58.56 5.840148629897764 80.20474378208667 9.006377323621058 2.1666578081490444 69.030501330064 0.7613234225074182 0.09932951197377415 0.023895630281145483 0.0003714497992378899 0.005741173818992751 0.0 0.01148306941965698
59.52 5.839963510722492 80.20391311993558 9.005764187437283 2.1664652254206205 69.03047635806011 0.7613235157740305 0.09932279791693918 0.0238935178958899 0.0003714514951323066 0.005775268627847999 0.0 0.011496642225164546
60.48 5.839783923110914 80.20310638636263 9.005168744588609 2.166278140296127 69.03045212455922 0.7613236063857663 0.09931627758114284 0.02389146580169373 0.00037145315080415556 0.005808379686795559 0.0 0.011509827678306396
61.44 5.839609245598588 80.20232087219513 9.004588992593844 2.1660959290602424 69.0304285464882 0.761323694644517 0.0993099290408544 0.023889467158116965 0.00037145476962127563 0.005840618337305946 0.0 0.011522669724054016
62.4 5.839439429261616 80.20155642994445 9.004024820154411 2.165918561612983 69.03040561774844 0.7613237805637447 0.09930375107952231 0.02388752163585017 0.0003714563555916683 0.005871990757594744 0.0 0.011535170481401395
63.36 5.839275059354716 80.2008155764451 9.003478087663245 2.1657466171804405 69.03038341564765 0.7613238638631985 0.09929776406778186 0.02388563558767193 0.00037145789573099605 0.00590239350739893 0.0 0.011547289168938192
64.32 5.83911552769224 80.20009593788612 9.002947032223185 2.1655795625313985 69.03036186240496 0.761323944799387 0.09929194870892812 0.023883803167840827 0.000371459403158046 0.005931924573056231 0.0 0.011559063302869679
65.28 5.838960674277842 80.19939666184175 9.002431028256547 2.16541719432325 69.03034093449173 0.7613240234711488 0.09928629815062943 0.023882022145060813 0.0003714608776590798 0.005960618755686136 0.0 0.011570507244743818
66.24 5.838810399817704 80.19871743364303 9.001929839335242 2.1652594462742765 69.0303206199323 0.7613240999098836 0.09928080980711808 0.023880291793590774 0.00037146231306648195 0.005988489185454999 0.0 0.011581625650603177
67.2 5.838664088837951 80.19805550669133 9.001441437533769 2.1651056825884463 69.03030083575418 0.7613241744231964 0.09927546147253162 0.023878605139800235 0.0003714637213010366 0.00601564862711236 0.0 0.011592463321541365
68.16 5.838522086983 80.19741248001019 9.000967001344529 2.1649562768734123 69.03028162893366 0.7613242468297653 0.09927026605341036 0.023876966282317554 0.000371465098350715 0.006042031540644185 0.0 0.011602993933457937
69.12 5.838384464544364 80.19678874298832 9.000506815620806 2.164811323361152 69.03026300978462 0.7613243170837173 0.09926522667099844 0.02387537625555735 0.00037146643928896223 0.006067622076394771 0.0 0.011613210841611715
70.08 5.838250652121429 80.19618173578172 9.000058991134324 2.1646702285983586 69.03024490105655 0.761324385471841 0.0992603226378238 0.023873828550125622 0.0003714677510690347 0.0060925252883151865 0.0 0.01162315586599455
71.04 5.838120815273704 80.19559232362303 8.99962416254055 2.1645331993560477 69.03022732657973 0.7613244518935752 0.0992555609064975 0.02387232543523363 0.0003714690356306663 0.00611670586966837 0.0 0.011632814422911957
72.0 5.837995180866827 80.19502151171675 8.999203071844116 2.164400468644868 69.03021031657879 0.7613245162356466 0.09925094960256117 0.023870869466814347 0.0003714702862801401 0.006140122559684815 0.0 0.01164217010468888
72.96 5.837873467065279 80.19446807632187 8.998794814396762 2.1642717548793016 69.03019383350261 0.7613245786345614 0.09924647882088132 0.023869457556667993 0.00037147150735424386 0.0061628256581370885 0.0 0.011651242749277264
73.92 5.837755349503456 80.19393038915427 8.99839819322254 2.1641466726293643 69.03017783142475 0.7613246392775346 0.09924213545086688 0.023868085475770323 0.00037147269781401455 0.0061848817457929636 0.0 0.011660059549445103
74.88 5.83764034583772 80.19340693310889 8.998012069917882 2.1640249004883305 69.03016225296875 0.7613246983170662 0.09923790703968598 0.023866749704013274 0.0003714738681044212 0.0062063540481021385 0.0 0.01166864303486044
75.84 5.837528766709677 80.19289845589941 8.997637014689516 2.163906582066284 69.0301471320866 0.7613247556864678 0.09923379981884078 0.023865451811511788 0.0003714750113829558 0.006227210933842626 0.0 0.01167698321202724
76.8 5.837420793779918 80.19240605699235 8.997273830470743 2.163791985969013 69.03013249673064 0.761324811254361 0.09922982258684665 0.023864194747031588 0.000371476125262152 0.00624740771942813 0.0 0.011685061110030537
77.76 5.837315688277437 80.19192646707779 8.996920103124845 2.163680356148821 69.03011824766082 0.7613248653864925 0.09922594890881109 0.02386297021797227 0.0003714772171122212 0.0062670786428488815 0.0 0.011692929989302476
78.72 5.837213625760052 80.19146044719517 8.996576394835806 2.163571868146059 69.03010440821969 0.7613249179977893 0.09922218494065635 0.023861780149715094 0.0003714782853833514 0.006286192445192984 0.0 0.011700577492158356
79.68 5.837114620761398 80.19100809208179 8.99624277450062 2.1634665455560915 69.03009098065424 0.7613249690768877 0.09921853143770769 0.023860624801415653 0.00037147932968842155 0.006304745291264333 0.0 0.011708001954841282
80.64 5.8370186164023945 80.19056917872533 8.995919076465139 2.1633643383719647 69.03007795760392 0.7613250186476765 0.09921498658685249 0.023859503624900504 0.00037148035056021686 0.006322746388264891 0.0 0.011715206898216696
81.6 5.836924916507233 80.19014069335742 8.995603073351774 2.1632645526508747 69.03006524651197 0.7613250670457326 0.09921152599938887 0.023858409009262636 0.00037148135843603595 0.0063403195819433916 0.0 0.011722241193549754
82.56 5.836834150512882 80.18972512724889 8.995296613118713 2.163167751146944 69.0300529280382 0.7613251139996038 0.09920816990517045 0.02385734712474902 0.0003714823328066547 0.006357362150622778 0.0 0.011729065259934456
83.52 5.836745654180017 80.18931984433297 8.994997740304635 2.163073338364372 69.03004091696621 0.761325159796622 0.09920489689769235 0.02385631144220531 0.00037148329442461396 0.006373982792139556 0.0 0.011735720989050263
84.48 5.836659782468293 80.1889263617495 8.99470757658015 2.1629816629973115 69.0300292601269 0.761325204268191 0.09920171925864026 0.02385530578593129 0.0003714842352495479 0.006390119141475848 0.0 0.01174218383254946
85.44 5.836576481945519 80.1885444292356 8.994425937589446 2.162892666717466 69.03001794993334 0.7613252474419206 0.09919863496925578 0.023854329516102647 0.0003714851560863388 0.006405781450401087 0.0 0.011748457904293776
86.4 5.836495956221008 80.18817511069908 8.994153603869318 2.1628066035035176 69.03000701580778 0.7613252891948364 0.09919565258002248 0.02385338541991967 0.00037148605477530964 0.006420926297449155 0.0 0.01175452528723665
87.36 5.8364178097127475 80.18781646165976 8.99388914537839 2.1627230144695444 69.02999640213805 0.7613253297490736 0.09919275642793642 0.023852468462514466 0.00037148693391177216 0.0064356332231492895 0.0 0.011760418342819849
88.32 5.836341820856776 80.187467636516 8.993631933610123 2.162641710374445 69.02998608103421 0.7613253691961877 0.09918993963347927 0.023851576569345893 0.0003714877969171422 0.006449937160019691 0.0 0.01176615037762433
89.28 5.836268046700144 80.18712869990243 8.993382021723736 2.162562697475822 69.02997605772505 0.7613254075337618 0.09918720277515197 0.023850709807554875 0.000371488640956887 0.0064638351742130114 0.0 0.01177172098821781
90.24 5.836196132851477 80.18679812950379 8.993138284246344 2.162485625743939 69.02996628534243 0.7613254449317305 0.0991845335298643 0.023849864338262024 0.0003714894694551908 0.006477389842179105 0.0 0.011777154822681029
91.2 5.836126545842507 80.1864782779294 8.992902449691382 2.1624110532796865 69.02995682995056 0.7613254811180145 0.09918195083086037 0.02384904628538006 0.0003714902819690396 0.0064905050159898775 0.0 0.01178241251905073
92.16 5.836059078242149 80.18616793953919 8.992673636367293 2.162338687719595 69.02994765993547 0.7613255162347135 0.09917944501814113 0.023848252439863448 0.0003714910757681211 0.006503229754288053 0.0 0.01178751472561413
93.12 5.835993423021879 80.18586583361889 8.992450896236228 2.1622682363976296 69.02993873523815 0.7613255504236616 0.09917700571192554 0.02384747959221465 0.0003714918551936107 0.006515616764762779 0.0 0.01179248204346782
94.08 5.835929535344129 80.18557174011103 8.992234067293182 2.16219964741639 69.02993004969689 0.761325583710463 0.09917463113782515 0.023846727173050534 0.0003714926204257328 0.0065276750586710655 0.0 0.011797318133786757
95.04 5.835867689786948 80.18528692885404 8.99202408558841 2.162133217396135 69.02992164052162 0.7613256159507055 0.0991723315471689 0.023845998436380696 0.00037149336922860996 0.006539352578851858 0.0 0.011802002095492377
96.0 5.8358076110741015 80.1850101548068 8.991820032488684 2.1620686569648866 69.02991347063397 0.7613256472849244 0.09917009688013148 0.023845290208000403 0.00037149410375243936 0.006550700410010154 0.0 0.011806554316856633
