time_d pH Ptot_atm pH2_atm pCO2_atm pCH4_atm CH4_g_mol H2_g_mol CO2_g_mol SO4 Formate Acetate Ca
0.0 7.0 3.7897499403564177 0.0 3.7897499403564177 0.0 0.0 0.0 0.0 0.00037000000000000395 0.0 1.000000000000001e-06 0.0041
0.96 5.777888546533647 81.05625481144908 9.115375900507207 2.837145370173465 69.10269403438491 0.7640681922439985 0.100788672326644 0.03137030421768276 0.00037120697593944147 0.0001400626294326887 1.1203772441188021e-11 0.01169585872466948
1.92 5.776850397404689 81.05150569855573 9.111871254838004 2.836052744549497 69.10254207231658 0.7640687187677637 0.10075021245920919 0.03135831362929211 0.00037121567797598713 0.0003353964925399289 2.393959280331267e-18 0.011772781981664975
2.88 5.775847758011569 81.04689123938786 9.108467020723241 2.834989407785506 69.10239506786225 0.7640692314186058 0.10071285357168874 0.03134664400211745 0.0003712241792449357 0.0005251382442548697 5.451455301397525e-24 0.01184764438174944
3.84 5.774879529798407 81.04240899229848 9.105161295901494 2.833954960678151 69.10225288070383 0.7640697303677048 0.10067657487696646 0.03133529099865212 0.00037123248182078264 0.0007093934831946344 0.0 0.01192047390240177
4.8 5.773943887753672 81.03805286025386 9.101949493479285 2.832948142673826 69.1021152610247 0.7640702162019606 0.10064132611669747 0.03132424082365972 0.00037124059008240834 0.000888417489995881 0.0 0.011991359190411893
5.76 5.773040431116403 81.03382339620481 9.098831930150192 2.831969228558131 69.10198217023023 0.7640706887682631 0.10060711084582852 0.03131349653199185 0.0003712485083175096 0.001062192229906492 0.0 0.012060280775131216
6.72 5.772167057056611 81.02971283516197 9.095802804595914 2.8310165484624896 69.10185331425976 0.764071148853996 0.10057386546563603 0.03130303982978384 0.000371256237569709 0.001231040735274907 0.0 0.01212735613958107
7.68 5.771322576492728 81.02571743382221 9.092859288323776 2.8300893474890874 69.10172853305163 0.7640715968055825 0.1005415589949004 0.031292862461521395 0.0003712637586501645 0.001395120377892352 0.0 0.012192638345975816
8.64 5.77050690521875 81.02183916765833 9.090002751837332 2.8291882215351634 69.10160783564297 0.7640720323186388 0.10051020654843133 0.031282971003925956 0.0003712711452051555 0.0015543544044817341 0.0 0.01225608536681346
9.6 5.769718531919019 81.0180724354697 9.08722901136958 2.8283119647119497 69.10149101031047 0.764072455961222 0.10047976226099065 0.03127335224617839 0.0003712783340587439 0.0017089757815650674 0.0 0.01231778198117307
10.56 5.768955508246882 81.01440936307651 9.084532214570435 2.8274588313754805 69.10137778063323 0.764072868563345 0.10045016194597765 0.03126398704957306 0.00037128534438664627 0.001859310524514671 0.0 0.01237785111019745
11.52 5.768218021897098 81.01085263668554 9.08191427682235 2.8266295491796507 69.10126818978942 0.7640732697612028 0.10042142668256226 0.0312548834287677 0.0003712921831836967 0.0020052515908645188 0.0 0.012436241421181687
12.48 5.767504223980688 81.0073948610696 9.079369700743781 2.825822481119577 69.10116197671643 0.7640736603329724 0.10039349617756306 0.031246023436404403 0.00037129886134310225 0.002147105214646366 0.0 0.012493068110523975
13.44 5.766814779838707 81.00404058398303 9.076901785876244 2.825038765335737 69.10105925155324 0.7640740397170368 0.10036640669156781 0.031237419587678353 0.00037130536298024764 0.002284687254237838 0.0 0.012548251016536265
14.4 5.76614672956197 81.0007768484588 9.074500949226897 2.824275455204651 69.1009595866016 0.7640744093284113 0.10034005307917859 0.03122903955507082 0.0003713117162550277 0.0024185317356886535 0.0 0.012601997534245768
15.36 5.765500328079814 80.99760598506131 9.072168866848287 2.823533158116354 69.10086302900518 0.764074768864142 0.10031445377367465 0.03122089002374976 0.00037131791171728746 0.0025485450575823904 0.0 0.0126542648852248
16.32 5.764874888027123 80.99452585634425 9.069903924396273 2.8228114421899106 69.10076948745613 0.7640751185237786 0.10028959109205066 0.031212966270366956 0.0003713239533582216 0.0026748170417377074 0.0 0.012705083428371691
17.28 5.764269411247281 80.99153258130023 9.067703232327856 2.8221094561200495 69.10067882167523 0.7640754587116957 0.100265433348201 0.031205258964083053 0.0003713298448982359 0.0027975086300940375 0.0 0.012754513082852659
18.24 5.763683668619763 80.98862614060756 9.06556673886258 2.821427256201355 69.10059100779313 0.7640757893914154 0.10024198000698523 0.031197768739040156 0.00037133558714638054 0.0029166225525156793 0.0 0.012802549840112358
19.2 5.763116492600753 80.98580172173756 9.06349087289212 2.82076376644383 69.10050588024092 0.7640761110768806 0.10021919189641668 0.031190483795784655 0.0003713411881478182 0.0030323577673190914 0.0 0.012849269432014622
20.16 5.76256836869139 80.98306254381873 9.061477973180589 2.8201197880540323 69.10042351822665 0.7640764233749899 0.10019709471713005 0.031183412943681255 0.0003713466364492333 0.0031445837633334475 0.0 0.01289461544768758
21.12 5.7620374588258265 80.98040052716408 9.059522066403305 2.819493479495091 69.10034365670931 0.764076727170013 0.10017562292627738 0.031176535977852925 0.0003713519544842809 0.003253633423634914 0.0 0.01293871748175061
22.08 5.761522500768151 80.97780995193573 9.057618928786692 2.8188835292006416 69.10026611104477 0.7640770230929148 0.10015473017575338 0.031169838506561885 0.00037135714256948687 0.003359742152229829 0.0 0.012981667897376837
23.04 5.761024113334385 80.97529486130605 9.055771500806978 2.818290937627991 69.10019098353584 0.7640773106514077 0.10013444877244353 0.031163331527816595 0.00037136219860796745 0.003462745878199991 5.208497393602594e-25 0.01302339619648988
24.0 5.760541992954644 80.97285405906824 9.053978890499447 2.817715443802866 69.10011823087909 0.7640775899684213 0.10011476893819161 0.031157012182375092 0.0003713671229007306 0.0035626942800452794 0.0 0.013063920819072015
24.96 5.7600744062075115 80.97047994178014 9.05223547798888 2.817155313378017 69.10004760365139 0.764077861879983 0.10009562900649255 0.031150861440544565 0.00037137192664024317 0.003659900546538722 0.0 0.013103363767055834
25.92 5.759621360735289 80.96817287830505 9.05054152205039 2.8166106530090076 69.0999791052848 0.7640781263303286 0.100077031831166 0.03114488047934442 0.00037137660955830555 0.0037543501977202213 0.0 0.01314171757428805
26.88 5.759182731757801 80.96593290416955 9.048897027336855 2.816081505781073 69.09991272354962 0.7640783832938615 0.10005897748247775 0.031139069781079654 0.0003713811714876905 0.0038460428844275907 0.0 0.013178979180847483
27.84 5.758757544120882 80.96375565049883 9.047298766802399 2.815566871111722 69.09984831708594 0.764078633251882 0.10004143054909424 0.031133418366429848 0.00037138562071490874 0.003935158458026128 0.0 0.013215219019041605
28.8 5.758345698515833 80.96164111287912 9.045746720914549 2.815066774350779 69.0997858756488 0.7640788761883393 0.10002439083167483 0.03112792652090996 0.00037138995504067596 0.004021697939535804 0.0 0.013250435298454407
29.76 5.757947240150487 80.95958998350942 9.044241383051832 2.8145814035205197 69.09972541003883 0.7640791120090088 0.10000786376151558 0.031122596316015473 0.0003713941742097576 0.0041056337540357896 0.0 0.01328461477972869
30.72 5.757560546726649 80.95759442271597 9.042776983283945 2.8141089293458736 69.09966667960255 0.7640793415984938 0.09999178600465322 0.031117407669962453 0.0003713982899943254 0.004187287561403944 0.0 0.013317886251051902
31.68 5.757185872810379 80.95565619511802 9.041354802650172 2.8136497927970687 69.09960972697534 0.764079564740051 0.09997617163933395 0.031112365431720756 0.00037140230074576196 0.0042665878692844765 0.0 0.01335021865012311
32.64 5.756823347963759 80.95377640019534 9.03997563394606 2.813204276091775 69.09955457663641 0.7640797812927572 0.09996102938152894 0.031107472706347946 0.00037140620374419194 0.004343490418847991 0.0 0.013381592099021677
33.6 5.756471131998187 80.95194586773712 9.038632737793959 2.8127702249566315 69.0995009518172 0.7640799923015914 0.09994628524934679 0.031102705840587292 0.00037141001507974016 0.004418370946437506 0.0 0.013412158281973667
34.56 5.75613043667162 80.95017124778818 9.037330981453785 2.8123492342133227 69.09944904061513 0.7640801969886121 0.09993199269228209 0.031098082354028368 0.0003714137217247697 0.00449095800603501 0.0 0.013441804900265175
35.52 5.755799697058661 80.94844487455117 9.036064727261076 2.811939508850107 69.09939860973081 0.7640803962235011 0.09991808982461205 0.031093582539235 0.00037141734119487126 0.004561565897763427 0.0 0.013470658314584551
36.48 5.7554789500742825 80.94676704886189 9.034834191541648 2.8115411271370174 69.09934966540813 0.7640805899668062 0.0999045790265953 0.031089207258052816 0.00037142086879766767 0.004630182541960276 0.0 0.01349871304948696
37.44 5.755168547057224 80.94513997831992 9.033640982323687 2.8111546315354317 69.0993022647944 0.7640807779527155 0.0998914779642024 0.03108496247301816 0.0003714242986640384 0.0046967182236319575 0.0 0.013525930893189353
38.4 5.7548671481524565 80.94355716013871 9.032480315568499 2.8107785016834175 69.09925620935051 0.7640809609182642 0.09987873412267079 0.031080831492511913 0.00037142764979818105 0.004761439647923904 0.0 0.01355241885139566
39.36 5.754575257826468 80.94202121965714 9.031354115909958 2.810413362294355 69.09921157512517 0.7640811385566508 0.09986636863570397 0.031076821178275777 0.00037143091001711105 0.004824239493199295 0.0 0.013578132990408763
40.32 5.754292062167187 80.94052833197397 9.030259565692006 2.8100583254839946 69.0991682426639 0.7640813112993596 0.0998543505777178 0.03107292178432345 0.00037143409124749304 0.004885274821271797 0.0 0.013603135786429974
41.28 5.754017370590614 80.9390776807588 9.029196060365427 2.809713206745198 69.09912618467041 0.7640814792331699 0.09984267331627115 0.031069131286795962 0.00037143719062733696 0.004944579320130637 0.0 0.013627440239124126
42.24 5.753750880472643 80.9376677940679 9.028162516562656 2.809377662769799 69.09908535584232 0.7640816425267745 0.0998313249610175 0.031065445917257427 0.0003714402111114918 0.005002213383181211 0.0 0.013651070537607456
43.2 5.753492487995917 80.93629842822263 9.027158746764993 2.8090516500223193 69.09904574354204 0.7640818011970433 0.09982030346025161 0.031061865201110823 0.00037144315478483393 0.005058187431387663 0.0 0.013674029728200874
44.16 5.753241793307237 80.93496769163328 9.026183357663376 2.8087347291572247 69.09900728878864 0.7640819554568875 0.09980959352170396 0.031058384315856932 0.0003714460259655485 0.005112579131837044 0.0 0.013696348739602201
45.12 5.752998690632065 80.93367521617981 9.025236073511993 2.8084268219084074 69.09896997746108 0.764082105343125 0.09979919212300001 0.031055002404414295 0.00037144882514653587 0.005165403837349154 0.0 0.013718033080192869
46.08 5.75276288871308 80.93241956038855 9.024315834397944 2.808127590596985 69.09893376564483 0.7640822510195084 0.09978908762986766 0.031051715759556252 0.0003714515520203395 0.005216720638483873 0.0 0.013739106539746516
47.04 5.752534390390686 80.93120105223143 9.023422871784348 2.8078371276915175 69.09889865737826 0.7640823924392496 0.09977928259121882 0.03104852540052819 0.00037145421227412537 0.005266516591011142 0.0 0.013759562578535146
48.0 5.752312876287674 80.93001792518731 9.022555892145181 2.8075550104644496 69.0988646023595 0.7640825298070356 0.09976976280395843 0.03104542668415729 0.00037145679652078416 0.005314863833317254 0.0 0.013779431004591048
48.96 5.752097645230123 80.9288667505562 9.021712374235685 2.807280435557356 69.09883149641126 0.7640826635136243 0.09976050059152196 0.031042410790218144 0.0003714593225215798 0.005361902923877599 0.0 0.013798768351236338
49.92 5.751889232613832 80.92775055549166 9.020894531291601 2.807014132788469 69.09879942369216 0.764082793201459 0.0997515202599363 0.031039485736775507 0.0003714617825821991 0.005407510424062389 0.0 0.013817523225002555
50.88 5.751686762438913 80.92666469168924 9.020098955838625 2.80675499574323 69.09876824968912 0.7640829194113833 0.09974278439618274 0.031036639372166486 0.00037146418216320505 0.00545187634449309 0.0 0.013835773548477823
51.84 5.751490202292725 80.92560920182504 9.0193256731563 2.806503044461606 69.09873797175374 0.7640830421289474 0.09973429328217963 0.03103387191872108 0.00037146652503798866 0.00549499925270688 0.0 0.013853517892499716
52.8 5.751299919245343 80.92458608568583 9.018576147163905 2.8062587583249976 69.09870864641307 0.7640831611228561 0.0997260629951664 0.031031188642973537 0.0003714688034602506 0.005536797503741419 0.0 0.013870722517389038
53.76 5.751114817262939 80.92358966064349 9.017846208887326 2.8060207898198306 69.0986801074035 0.7640832770481529 0.09971804776163185 0.031028574745918573 0.0003714710319633761 0.005577503562685295 0.0 0.013887482288032254
54.72 5.750935699662378 80.9226242318364 9.017139012265465 2.8057901671041554 69.09865247785623 0.7640833894022522 0.09971028221453651 0.03102604152118982 0.00037147319781561137 0.0056169415464112785 0.0 0.013903724830754883
55.68 5.750761765316051 80.92168566859459 9.01645152619095 2.80556591171536 69.0986256365812 0.7640834986617137 0.09970273307447249 0.031023578223239357 0.0003714753115809537 0.00565528046820007 0.0 0.013919519026432172
56.64 5.750592920347397 80.92077359644686 9.015783472803744 2.8053479402857606 69.09859957032359 0.7640836048662886 0.0996953972936981 0.031021183937886148 0.0003714773754822199 0.005692535807231858 0.0 0.013934870736997259
57.6 5.750429397175186 80.9198892891015 9.015135784103633 2.80513655850029 69.09857431513296 0.7640837078666984 0.09968828510747953 0.031018862023401896 0.00037147938452905457 0.005728655585767177 0.0 0.013949758450973059
58.56 5.750270188588847 80.91902740689888 9.014504546185236 2.8049304947954687 69.09854971670627 0.7640838082812185 0.09968135354015643 0.03101659851354285 0.00037148134949169286 0.005763858059976085 0.0 0.013964271700058694
59.52 5.75011604422412 80.91819207294475 9.013892776905926 2.8047307382330184 69.09852589131303 0.764083905629865 0.09967463573323823 0.03101440427378166 0.0003714832626780657 0.005797974920682133 0.0 0.013978340840292692
60.48 5.749966193637074 80.91737918499594 9.013297469807476 2.804536311187444 69.09850272070781 0.7640840003860319 0.09966809867426625 0.03101226856603636 0.0003714851306377301 0.005831173824370301 0.0 0.013992034712026789
61.44 5.74982110782605 80.9165914447449 9.012720599420513 2.8043478663822268 69.09848027938047 0.764084092231674 0.09966176404908621 0.031010198561916624 0.0003714869515195846 0.00586334463848183 0.0 0.014005307338717646
62.4 5.749679921098908 80.91582411159038 9.012158694932625 2.804164268357962 69.09845843290603 0.7640841817200775 0.09965559374445018 0.031008181788619554 0.0003714887313733046 0.005894680926622838 0.0 0.014018238692826628
63.36 5.749542961198976 80.91507905911557 9.011613125728699 2.803985969595761 69.09843723303746 0.7640842686304652 0.0996496027998957 0.031006223217597148 0.0003714904658801997 0.005925106310271883 0.0 0.014030796906895501
64.32 5.749410376676883 80.91435724124747 9.011084586542594 2.803813204809694 69.09841670426941 0.7640843528475332 0.09964379884765141 0.031004325428691002 0.0003714921590541805 0.0059545820283834925 0.0 0.014042965436788011
65.28 5.749281789249851 80.91365649315883 9.010571494550634 2.8036454517734666 69.09839678678354 0.7640844346260304 0.09963816450510177 0.031002482684580723 0.0003714938063787066 0.005983196363360399 0.0 0.014054781086028355
66.24 5.749156954077275 80.91297570078774 9.010073028364422 2.8034824531124443 69.09837744525242 0.7640845140904516 0.09963269075689797 0.031000692160231758 0.00037149541582350465 0.006010995098466171 0.0 0.014066261945396142
67.2 5.749035325440141 80.9123118376558 9.009586973179243 2.80332348233512 69.09835859443382 0.7640845915950594 0.09962735328136886 0.03099894587489437 0.0003714969923083817 0.006038101755122387 0.0 0.014077459188442032
68.16 5.748917825155259 80.91166995377577 9.009117025647269 2.8031697498917665 69.09834037734028 0.7640846665497761 0.09962219267306138 0.03099725712567062 0.00037149852412115723 0.00606431017318506 0.0 0.014088287587045709
69.12 5.748803310172109 80.9110439713368 9.00865873185525 2.803019807067429 69.09832261866126 0.7640847396599056 0.09961716002583872 0.03099561000007386 0.0003715000251384568 0.006089868723788307 0.0 0.014098849128539159
70.08 5.748692643580985 80.91043853131335 9.008215491059977 2.8028747626798274 69.0983054513931 0.7640848103853408 0.09961229266682602 0.030994016677976487 0.0003715014856337681 0.0061145878421206565 0.0 0.014109065758314665
71.04 5.748584904492629 80.90984873315163 9.007783712209482 2.802733448449731 69.09828873421043 0.7640848792945636 0.09960755116442498 0.03099246432710881 0.000371502915011264 0.006138667782413593 0.0 0.014119019721466801
72.0 5.748480012012389 80.9092740923205 9.007363041607112 2.8025957468054137 69.0982724538417 0.7640849464451078 0.09960293163422733 0.03099095165567259 0.000371504314253039 0.006162128273706138 0.0 0.014128719311245253
72.96 5.748378531150199 80.90871776843768 9.006955790283795 2.802462417717729 69.09825669896519 0.7640850114663945 0.09959845945584705 0.03098948701278189 0.00037150567741929476 0.006184840424857853 0.0 0.01413811100848899
73.92 5.748279658246347 80.90817539066306 9.006558757710172 2.8023324151241638 69.09824134524354 0.7640850748683178 0.09959409948393905 0.03098805890765976 0.0003715070131109259 0.006206982723658306 0.0 0.014147268470101617
74.88 5.748183733844244 80.90764885715133 9.006173332711583 2.8022061955617397 69.09822644550641 0.7640851364274465 0.09958986697073621 0.03098667235585012 0.00037150831728011916 0.006228477711214424 0.0 0.014156159551345509
75.84 5.748090952160953 80.90713926650872 9.00580031832714 2.802084023820103 69.09821203055297 0.7640851960148277 0.099585770735492 0.03098533026654233 0.00037150958843856183 0.006249280599387596 0.0 0.014164765604174675
76.8 5.748000881428717 80.90664421046633 9.005437952665213 2.8019653211540296 69.0981980327035 0.7640852539126974 0.09958179142974292 0.030984026281819066 0.0003715108280638204 0.0062694896516843285 0.0 0.014173127393988827
77.76 5.747913110096553 80.90616152812936 9.005084651413974 2.8018495735626576 69.09818438932973 0.7640853103714774 0.09957791165736499 0.030982754756203983 0.00037151204497699305 0.00628919321431534 0.0 0.014181281099573418
78.72 5.747828272255517 80.90569476673377 9.004743009368891 2.8017376344055243 69.09817119958241 0.7640853649744471 0.09957415991444361 0.03098152506479361 0.00037151322916037917 0.0063082465686705455 0.0 0.014189166624992741
79.68 5.747745589133889 80.90523958419168 9.00440984985907 2.801628460013148 69.09815834162833 0.7640854182306996 0.09957050131551583 0.030980325742034836 0.00037151439109048886 0.006326826883471379 0.0 0.014196857474901806
80.64 5.747665542622946 80.90479868828457 9.004087153138025 2.8015227022315266 69.09814589120248 0.7640854698226431 0.09956695760792941 0.030979163949303216 0.0003715155247937715 0.006344823714286071 0.0 0.01420430774355767
81.6 5.747587648409476 80.90436939953021 9.003772958468288 2.8014197179099503 69.09813377265732 0.7640855200633416 0.09956350725975552 0.030978032621263328 0.0003715166338439092 0.006362346412299045 0.0 0.014211562724161176
82.56 5.747511968522712 80.90395216428118 9.003467589846235 2.8013196184557922 69.09812199694787 0.7640855688981677 0.09956015383098576 0.03097693298278124 0.00037151772015183235 0.006379376897048574 0.0 0.014218614555989538
83.52 5.7474387325952945 80.90354813448069 9.003171893010798 2.8012226757541203 69.0981105984196 0.7640856161952255 0.09955690660733146 0.030975868019697303 0.00037151877976369365 0.006395868013457535 0.0 0.014225444118674671
84.48 5.7473675454942015 80.9031552988455 9.00288439193598 2.8011284140881316 69.0980995174874 0.7640856621851774 0.09955374938282051 0.03097483250757889 0.00037151981797939765 0.006411902061588039 0.0 0.014232084881876385
85.44 5.747298494340663 80.90277399686936 9.002605338330842 2.8010369092612133 69.09808876614295 0.7640857068323783 0.09955068491922439 0.03097382727796505 0.0003715208311158559 0.006427465018974115 0.0 0.014238531537388868
86.4 5.747231442385084 80.90240360677572 9.0023342739635 2.8009480175407373 69.09807832455833 0.7640857502056595 0.09954770818693832 0.030972850753112836 0.00037152182332028915 0.00644258242663807 0.0 0.014244794183719153
87.36 5.747166341799108 80.90204384522079 9.002070991862894 2.800861670206598 69.09806818507576 0.7640857923388341 0.0995448169128594 0.03097190217797119 0.00037152279430706765 0.006457265829534567 0.0 0.014250877666217193
88.32 5.747103031231042 80.90169385177701 9.001814861606842 2.800777662053123 69.09805832287758 0.7640858333322921 0.09954200417473046 0.03097097929860038 0.0003715237463067956 0.0064715503825555 0.0 0.014256796430713398
89.28 5.74704133068391 80.90135260442153 9.00156513572303 2.800695746614135 69.09804870985973 0.7640858733061785 0.09953926176317708 0.03097007940707779 0.0003715246803011701 0.006485477778262177 0.0 0.014262567840449249
90.24 5.7469815878578485 80.90102204533042 9.001323235095652 2.800616391109875 69.09803940013211 0.7640859120318835 0.0995366052828355 0.030969207636474066 0.0003715255925996438 0.006498968767846701 0.0 0.014268158993399524
91.2 5.746923535745711 80.90070071210803 9.001088089232518 2.800539245074845 69.09803035222713 0.7640859496802885 0.09953402297813159 0.03096836013681462 0.0003715264864385824 0.0065120830524106645 0.0 0.014273594567237759
92.16 5.746867153970924 80.90038853159264 9.000859643485379 2.8004642925491616 69.09802156358887 0.7640859862595059 0.09953151424967593 0.030967536733161913 0.0003715273620231067 0.006524823675975938 0.0 0.014278875680747292
93.12 5.7468124044026405 80.90008527502756 9.000637730892773 2.800391477956404 69.09801302799433 0.7640860217965327 0.09952907726373933 0.030966736814846532 0.00037152821979209537 0.00653719995173044 0.0 0.014284006252166801
94.08 5.746759358409325 80.89979135294823 9.000422651447963 2.8003209005611236 69.09800475672913 0.7640860562428591 0.09952671531514214 0.030965961472534404 0.0003715290589457613 0.006549195146987248 0.0 0.014288979290896326
95.04 5.7467078885390315 80.89950605393919 9.00021388464723 2.800252389318212 69.09799672991242 0.7640860896820815 0.0995244226877975 0.030965208827152348 0.000371529880045984 0.006560838291490478 0.0 0.014293806843755702
96.0 5.74665766620136 80.89922761511089 9.00001013917097 2.800185523191971 69.09798889697339 0.7640861223190445 0.09952218520181033 0.030964474253841693 0.0003715306881891922 0.006572201397238167 0.0 0.01429851854849687
