time_d pH Ptot_atm pH2_atm pCO2_atm pCH4_atm CH4_g_mol H2_g_mol CO2_g_mol SO4 Formate Acetate Ca
0.0 7.0 2.749011579273079 0.0 2.749011579273079 0.0 0.0 0.0 0.0 0.0003699999999999999 0.0 1e-06 0.0040999999999999995
0.96 5.881378090600997 80.19540751604652 9.106277786704121 2.060784117514269 69.02608899881945 0.7607931261326444 0.10036775435580388 0.022713591538905342 0.0003721327033392412 0.00013104863685725116 2.1585699182066442e-11 0.009561793199341055
1.92 5.880148407209667 80.19072937489547 9.10279658037808 2.059742664757411 69.025933132886 0.7607936247552656 0.10032967743384189 0.022702178976220413 0.0003721374699168377 0.0003244219826523725 7.354262037268488e-18 0.00963517827401013
2.88 5.878961477516023 80.18618273375884 9.099414584384725 2.058728296513995 69.02578248631247 0.76079411073653 0.10029268452457347 0.022691062776584447 0.0003721421967973146 0.0005122900458818992 0.0 0.009706656729364481
3.84 5.877815250205202 80.18176286636847 9.096128144598627 2.0577401828642565 69.0256368161606 0.7607945844459831 0.10025673577287758 0.02268023388887281 0.0003721468819411448 0.0006948552274107935 0.0 0.009776286801879806
4.8 5.876708843385553 80.1774683209355 9.092936086515909 2.0567781516365 69.02549601697503 0.7607950459397687 0.10022181841275885 0.022669690457225042 0.0003721515210603938 0.0008721823785457507 0.0 0.00984408060000877
5.76 5.875639966124524 80.17329363430993 9.08983420670307 2.055841209524775 69.02535982153185 0.7607954956629271 0.10018788657786529 0.022659421639452188 0.0003721561097583583 0.0010445044170071696 0.0 0.009910107778876118
6.72 5.874607498195802 80.16923627317239 9.086820538324773 2.0549289263596666 69.02522809310959 0.7607959338007096 0.1001549188277331 0.02264942274894531 0.0003721606452211695 0.001211930244331475 0.0 0.009974398613461437
7.68 5.873610169381156 80.16529373562108 9.083893116865406 2.0540409091032856 69.02510068689342 0.7607963605153302 0.10012289375687386 0.02263968951075531 0.00037216512288594755 0.0013745685680528292 0.0 0.010036980620442473
8.64 5.87264629090674 80.16146158029674 9.08104855118039 2.053176309991727 69.02497739984611 0.7607967761928333 0.10009177434661708 0.022630212662699743 0.0003721695413179706 0.0015326073904379223 0.0 0.010097913396000122
9.6 5.871715117966411 80.15773863651638 9.07828589430064 2.052334989747799 69.02485814724834 0.7607971808796694 0.10006155030216356 0.02262099070293659 0.00037217389676074585 0.0016860990036411765 5.200858470093606e-25 0.010157206685799282
10.56 5.870814671431467 80.15411902146289 9.075600697663141 2.0515157538921662 69.02474268866027 0.7607975751313237 0.10003217302501498 0.022612010564736367 0.0003721781898562323 0.0018352902169393953 0.0 0.01021494453433149
11.52 5.869944216257253 80.1506014866537 9.072991963639046 2.0507184344069227 69.02463094097232 0.7607979590120499 0.10000363165990406 0.02260327042886012 0.00037218241788859047 0.001980236166814387 0.0 0.01027113869993663
12.48 5.869102606928758 80.14718319720536 9.070457518281009 2.0499425060943675 69.02452276804621 0.7607983327580833 0.09997590248392883 0.022594764561092873 0.00037218657943869764 0.002121057332991823 0.0 0.010325826084235424
13.44 5.868289390397028 80.14386372685414 9.067996985770097 2.049187966774366 69.02441812143991 0.7607986963546447 0.09994898143425084 0.02258649295627972 0.000372190669276239 0.0022577743586776116 0.0 0.01037900679559548
14.4 5.867502262654908 80.14063539819605 9.065604608616539 2.048453180517494 69.0243167164204 0.7607990505754247 0.09992280557387478 0.022578437701715724 0.00037219469515052233 0.002390706868159562 0.0 0.010430796008205572
15.36 5.866741102234611 80.13749883457584 9.063280801304023 2.047738364524496 69.02421854458059 0.7607993953031176 0.09989737947777068 0.02257060119366292 0.00037219864890885044 0.002519831639572324 0.0 0.010481178397223505
16.32 5.866004592687924 80.13445013921954 9.061022618902127 2.0470427258806527 69.02412344655204 0.7607997309077028 0.09987267097341482 0.022562974757828713 0.00037220253528507443 0.0026453120618452576 0.0 0.010530209743633376
17.28 5.865292019060386 80.13148750942987 9.058828679610139 2.0463659271955685 69.02403133858186 0.7608000575394916 0.09984866497984288 0.022555554709917665 0.00037220635080848245 0.0027672247303206347 0.0 0.010577913784781274
18.24 5.864602478263828 80.1286081875194 9.056696901236839 2.045707402903413 69.0239421104422 0.7608003754623316 0.09982533874835119 0.022548334862277503 0.0003722101094237345 0.0028856851833309665 0.0 0.010624330317039752
19.2 5.863935898209233 80.1258135504941 9.054628242944657 2.0450675666478775 69.02385576626428 0.7608006844645838 0.09980270282410555 0.022541319768564435 0.000372213769338917 0.003000639863827497 0.0 0.010669430164078219
20.16 5.863290382715558 80.12309620532852 9.052617207360864 2.0444447650785564 69.02377206316395 0.7608009853362979 0.09978069707552038 0.022534491310033645 0.00037221737504619635 0.003112394160803037 0.0 0.010713329771269287
21.12 5.862665218943069 80.12045416315698 9.05066228482362 2.0438386043439927 69.02369091554723 0.7608012782592696 0.09975930501613421 0.02252784518061134 0.00037222091075088626 0.0032210318040844332 0.0 0.010756056890616456
22.08 5.862060233169042 80.11788775744634 9.048763682015649 2.04324922393984 69.02361231062447 0.7608015631563352 0.09973852893902625 0.02252138292183625 0.00037222437814906213 0.003326541151618578 0.0 0.01079760162567172
23.04 5.861474295052686 80.11539295238627 9.046918384825801 2.0426757445550514 69.02353610564906 0.7608018404471116 0.09971833588793812 0.022515094902095578 0.0003722277779276905 0.0034290895772048817 0.0 0.010838025936808082
24.0 5.860906922853071 80.11296856717976 9.04512548728478 2.042117946210139 69.0234622456075 0.7608021102290102 0.09969871597484073 0.02250897871930718 0.00037223110925473275 0.0035287273003695684 0.0 0.010877345287203822
24.96 5.860357528739782 80.1106128232125 9.043383647359576 2.0415754642155934 69.02339065841423 0.7608023726732219 0.09967965453856568 0.022503030383656655 0.00037223437320102226 0.003625528782723476 0.0 0.010915585357029127
25.92 5.859825651987452 80.10832456011643 9.041691976992103 2.041048078543908 69.02332129162995 0.7608026278782062 0.09966114188428637 0.022497247491544834 0.0003722375695743365 0.0037195432619648795 0.0 0.010952761613566803
26.88 5.859310331744238 80.10610020259358 9.040047812230233 2.040534999712503 69.02325402309033 0.7608028762215752 0.09964314887894042 0.02249162139321422 0.0003722406998018965 0.0038109186948748295 0.0 0.01098892969963415
27.84 5.858811301997995 80.10393937046794 9.038450844644858 2.040036183625689 69.0231888250471 0.7608031177179732 0.09962567216918505 0.022486151613459505 0.00037224376568747124 0.0038996721135689115 0.0 0.011024092677990637
28.8 5.85832768241142 80.10183880821212 9.036898647958505 2.039550911839015 69.02312558641867 0.7608033527106682 0.09960868522069213 0.022480830280781815 0.00037224677634898836 0.003985938275407679 0.0 0.011058301179710094
29.76 5.857859255547212 80.09979810586464 9.03539090013254 2.039079121158053 69.02306428240125 0.7608035812261328 0.09959218452659241 0.02247565670853958 0.00037224970665871907 0.004069734994672707 0.0 0.011091559633439774
30.72 5.857405770105061 80.09781669701437 9.0339271630755 2.038620711157555 69.02300488501245 0.7608038033067692 0.09957616530779015 0.022470629801402756 0.0003722525818730308 0.004151086545729483 0.0 0.01112387511447627
31.68 5.856966049935081 80.09589016509703 9.032504150059005 2.0381746993851766 69.02294724650228 0.7608040194254808 0.09956059161464113 0.022465738793336902 0.0003722553949391435 0.004230175495679537 0.0 0.011155316815021103
32.64 5.856540026145858 80.09401847253389 9.031121822475987 2.037741094343028 69.02289135937096 0.7608042295740297 0.0995454630344886 0.022460983781248663 0.00037225814904016176 0.004307003947638119 0.0 0.01118588415637064
33.6 5.856126998048933 80.09219899776426 9.029778228518898 2.0373193147853366 69.0228371348926 0.7608044340310827 0.09953075822070781 0.022456358396270512 0.00037226084216636097 0.0043816803113425175 0.0 0.011215618092925289
34.56 5.855726852691631 80.09043176887243 9.02847337079334 2.0369093958425086 69.02278456337037 0.7608046327751402 0.09951647721608091 0.022451863029076622 0.0003722634789718335 0.0044542043712861865 0.0 0.011244516117844466
35.52 5.855338991535443 80.08871447676356 9.027205532327928 2.036510821454237 69.02273356855652 0.7608048260525905 0.0995026012400325 0.022447492024265794 0.00037226605661087826 0.0045246715064842565 0.0 0.011272614606388297
36.48 5.854962842540398 80.08704500650255 9.025973137468583 2.036123123765903 69.02268407884563 0.7608050140889452 0.0994891130599736 0.022443240255569426 0.0003722685806317804 0.004593169233697253 0.0 0.01129994651815335
37.44 5.854598271632892 80.08542311945989 9.024775997745603 2.0357462672692392 69.02263607953896 0.7608051968966097 0.09947601062362452 0.022439107337474864 0.00037227104844177487 0.0046597079774083686 0.0 0.011326514344564713
38.4 5.854245357516928 80.08384954381046 9.023614637833854 2.0353804418994312 69.02258958421729 0.7608053743827352 0.09946329968467081 0.02243509535705222 0.00037227345943819875 0.00472425852206347 0.0 0.011352304681405396
39.36 5.853903041545156 80.08231966562316 9.022485647490035 2.035024582908194 69.02254445362487 0.7608055470602306 0.09945094292341955 0.02243119263913869 0.00037227581738140235 0.004787010395901475 0.0 0.011377392609603085
40.32 5.853570901912244 80.0808320843773 9.02138797773162 2.0346783894236 69.02250063696046 0.7608057150725036 0.0994389288712194 0.022427395888680094 0.0003722781229607481 0.004848021840431308 0.0 0.01140179929663937
41.28 5.853248826108456 80.0793866203539 9.020321485280537 2.0343418370494772 69.02245812213903 0.7608058784304768 0.09942725596932082 0.02242370484153371 0.00037228038018667257 0.00490730077402398 0.0 0.01142552644536474
42.24 5.852936695906662 80.07798292138929 9.019285903703993 2.0340148544082233 69.02241689476953 0.7608060371670371 0.09941592130784989 0.022420118717162072 0.0003722825858270958 0.0049648619778813186 0.0 0.011448579094855851
43.2 5.8526338684112735 80.07661836221338 9.018279287273916 2.0336968442870442 69.02237687232667 0.7608061915680425 0.09940490359743061 0.022416630968415206 0.00037228474316358255 0.005020813568055791 0.0 0.011470999334077634
44.16 5.852340064768547 80.07529189024264 9.017300852484377 2.033387572746272 69.02233801958606 0.7608063417453207 0.09939419426871951 0.022413239031899564 0.0003722868538022405 0.005075199065511227 0.0 0.011492803652503738
45.12 5.852055319243379 80.07400403325356 9.016350977002386 2.0330871817050467 69.02230034474071 0.7608064876285475 0.09938379746519896 0.02240994446768802 0.00037228891773127674 0.005127997428237045 0.0 0.011513982012263582
46.08 5.85177909721717 80.07275233623015 9.01542784987887 2.0327950987827315 69.02226377594775 0.7608066294959289 0.09937369336662998 0.022406740998599642 0.00037229093312752615 0.005179309316642509 0.0 0.011534574799663215
47.04 5.851511289833344 80.07153662465812 9.014531332408072 2.032511299310988 69.02222830202844 0.7608067673567034 0.09936388046251446 0.02240362835698494 0.00037229290312736476 0.005229142401293485 0.0 0.01155458372766861
48.0 5.851251597676235 80.07035576275575 9.013660579914102 2.0322355298787533 69.0221938851952 0.760806901332371 0.09935434951375448 0.02240060376579112 0.0003722948280162126 0.005277543602648693 0.0 0.011574026648746152
48.96 5.850999431237038 80.0692072864074 9.01281376829391 2.0319672261243396 69.0221604496188 0.7608070316945479 0.09934508055978845 0.022397661037282416 0.000372296715517551 0.005324614287666005 0.0 0.011592943333661754
49.92 5.850754730608488 80.06809096470009 9.011990725458418 2.031706337537077 69.02212798696793 0.7608071584697799 0.09933607172032749 0.022394799618497357 0.0003722985599193217 0.005370364009701378 0.0 0.011611337358914117
50.88 5.85051734274573 80.06700632293386 9.01119109422864 2.0314527643812084 69.02209647940784 0.7608072817023303 0.09932731909061525 0.02239201841748138 0.00037230036304296347 0.005414812597685155 0.0 0.011629215740372597
51.84 5.850287061192247 80.06595253926866 9.010414264680275 2.031206321240129 69.02206590037638 0.760807401481668 0.09931881599841035 0.022389315401957134 0.0003723021266630893 0.0054579939377880395 0.0 0.01164659154911491
52.8 5.850063688785275 80.06492886756212 9.009659681664798 2.030966841707953 69.0220362252246 0.7608075178886886 0.09931055637171166 0.022386688748432648 0.00037230384995481355 0.005499938867220117 0.0 0.011663476509303227
53.76 5.849847454514266 80.06393652031466 9.00892823390171 2.0307346179048875 69.02200748567752 0.7608076307799058 0.09930254994289475 0.022384141662551208 0.00037230553233622823 0.005540597962684558 0.0 0.011679850020213803
54.72 5.84963716336046 80.06296962111803 9.008215600451063 2.0305082574447404 69.02197951831869 0.7608077408325297 0.09929474940815058 0.022381658869742808 0.00037230718146522013 0.005580211457429097 0.0 0.011695810149136746
55.68 5.849433269986142 80.06203176316316 9.0075243864673 2.0302886712089965 69.02195240037895 0.7608078475988153 0.0992871833141053 0.02237925037226878 0.00037230879234340087 0.005618634360378077 0.0 0.011711292958655592
56.64 5.849235219074143 80.06111914124112 9.006851822570649 2.030074911605599 69.02192604351086 0.7608079515420464 0.09927982132312 0.022376905767656375 0.0003723103687020754 0.005656020759927111 0.0 0.011726364964140578
57.6 5.849043141923774 80.06023293513964 9.006198761513708 2.029867281927772 69.02190047147454 0.760808052514603 0.099272672782308 0.0223746283872414 0.0003723119107861681 0.005692323182257945 0.0 0.011741004872764289
58.56 5.8488566311178545 80.05937135304899 9.005563880015542 2.029665367015445 69.02187563077982 0.7608081507149309 0.09926572320861021 0.022372413678115363 0.00037231342031824406 0.005727615176881944 0.0 0.011755241950842344
59.52 5.848675583785431 80.05853399676734 9.004946882117558 2.029469077691015 69.02185150832956 0.7608082461866927 0.09925896936517843 0.02237026066309352 0.00037231489591377134 0.005761913183077482 0.0 0.011769082484056805
60.48 5.848499984440004 80.05772086527526 9.004347764695938 2.0292784175364416 69.0218281026403 0.7608083389296132 0.09925241122014836 0.02236816938227196 0.00037231633911185316 0.005795217364770961 0.0 0.011782526221187306
61.44 5.848329996569521 80.05693287010308 9.003767194550157 2.029093607656623 69.02180543738329 0.7608084288333358 0.09924605607566146 0.022366142262140537 0.00037231774836986943 0.0058274906386214095 0.0 0.011795557562511003
62.4 5.848164517904397 80.05616492759327 9.003201425461505 2.028913457562239 69.02178336528503 0.7608085164765684 0.09923986292570913 0.022364166245065157 0.0003723191284947006 0.005858941246820499 0.0 0.011808260436762046
63.36 5.848004660528878 80.05542223260183 9.00265428318427 2.028739188089588 69.02176203493647 0.7608086012652986 0.09923387364998164 0.022362254722569436 0.0003723204775458783 0.005889356513859873 0.0 0.0118205487877679
64.32 5.847849576248487 80.05470099879795 9.002122973773185 2.0285699179615673 69.02174133497776 0.7608086836273641 0.09922805766810514 0.022360398029433154 0.0003723217954456073 0.005918891735218891 0.0 0.011832484725000066
65.28 5.847698775434205 80.05399896054591 9.00160582773763 2.0284051164664625 69.0217211998317 0.760808763820819 0.09922239670587933 0.022358590344651652 0.00037232308469715573 0.005947639714172737 0.0 0.01184410566788833
66.24 5.847552204915584 80.05331605477848 9.001102793297765 2.0282447771797494 69.0217016246161 0.760808841847685 0.09921689020036402 0.022356831599226187 0.0003723243520865435 0.00597560330796569 0.0 0.011855412046655859
67.2 5.847409574118395 80.05265082405124 9.000612799400047 2.0280885538810063 69.02168256907785 0.7608089178770993 0.09921152642581713 0.022355117994955535 0.0003723255901362155 0.006002842066744592 0.0 0.01186642829423594
68.16 5.847271919523757 80.05200802230554 9.000139349525554 2.027937560171217 69.02166417038185 0.7608089913668814 0.09920634373265524 0.022353461746514473 0.00037232679700965594 0.00602916123905175 0.0 0.011877075928192395
69.12 5.847138127498928 80.05138302000992 8.999679018444263 2.0277907333763077 69.02164628656243 0.760809062831725 0.09920130463699754 0.022351851201544794 0.00037232798630841834 0.006054751170588654 0.0 0.01188742977416844
70.08 5.847007784167292 80.05077346209293 8.99923008263269 2.0276475024881977 69.02162885696768 0.7608091325509283 0.09919639026467134 0.022350280093876598 0.0003723291498802477 0.006079707717948115 0.0 0.011897530162667931
71.04 5.846881273270702 80.05018129305317 8.99879396982218 2.027508331182845 69.02161193479817 0.7608092002984758 0.09919161624774059 0.022348753510782898 0.00037233028944569303 0.006103951496100633 0.0 0.011907344388250269
72.0 5.846758443171637 80.04960590159052 8.998370227098157 2.027373080385393 69.02159550069707 0.7608092661412388 0.09918697763053204 0.02234726992755244 0.0003723314047844193 0.006127507670769859 0.0 0.011916882244761211
72.96 5.846639172488172 80.0490467695463 8.99795847132496 2.027241630763602 69.02157953893708 0.7608093301370459 0.09918247022024153 0.022345828035691302 0.00037233249718849075 0.006150397534538402 0.0 0.011926152141970067
73.92 5.8465235611957995 80.0485043473863 8.99755903441791 2.0271140877395273 69.02156406267643 0.7608093922348478 0.0991780976502803 0.022344428991598043 0.000372333566462376 0.006172602637563919 0.0 0.011935146656723378
74.88 5.846411034434296 80.04797608098396 8.997170031815983 2.0269898571234166 69.02154899636814 0.7608094527224937 0.09917383929364154 0.022343066278559125 0.0003723346190079125 0.006194227727723385 7.499635935085485e-25 0.011943907658010315
75.84 5.846301854270523 80.04746301144678 8.996792234908812 2.026869175983276 69.02153437274302 0.760809511485333 0.09916970359157617 0.022341742495876536 0.000372335643623426 0.006215229942137042 0.0 0.011952418469670906
76.8 5.846196268042597 80.04696652610366 8.996426658970256 2.026752380470903 69.02152022777197 0.7608095683595563 0.0991657016624544 0.02234046133251736 0.0003723366474841642 0.006235552816457536 0.0 0.011960655362885713
77.76 5.846093727951512 80.0464840578852 8.996071413601033 2.0266388672954654 69.02150648791547 0.7608096236379747 0.09916181281275338 0.02233921617096946 0.00037233763164008495 0.006255301438361682 0.0 0.011968660869484962
78.72 5.8459937292162545 80.046013241828 8.995724757068658 2.026528080573434 69.02149308567827 0.7608096775913326 0.0991580179762023 0.02233800091371358 0.00037233859914601573 0.006274572632197809 0.0 0.01197647417884557
79.68 5.84589671690795 80.0455562023853 8.99538825272083 2.0264205217520845 69.0214800808484 0.760809729974998 0.09915433426755722 0.02233682106158711 0.00037233954785323686 0.00629327948477008 0.0 0.011984059940279039
80.64 5.8458027848363185 80.0451133751161 8.995062221127972 2.0263162932428216 69.02146748603073 0.7608097807396778 0.09915076519618024 0.02233567773802823 0.0003723404756696646 0.0063114041758345505 0.0 0.011991410939443928
81.6 5.845711607852978 80.04468325798976 8.99474555564748 2.0262150430107995 69.02145525777641 0.7608098300559767 0.09914729864846983 0.02233456708170849 0.0003723413844427985 0.006329008221375273 0.0 0.011998551991543706
82.56 5.845623027596366 80.04426516360606 8.994437748466007 2.0261166118854215 69.02144337562171 0.7608098780014521 0.09914392906662363 0.0223334873470929 0.00037234227651239675 0.006346119845236548 0.0 0.012005494310774092
83.52 5.8455372464114435 80.04386004279412 8.994139499559566 2.0260212237522044 69.02143186659359 0.7608099244670014 0.09914066411345691 0.022332440990131423 0.00037234315031630484 0.0063627001343332865 0.0 0.012012222118233407
84.48 5.8454538466176444 80.04346597521496 8.993849393859106 2.0259284287806407 69.02142067512968 0.7608099696713031 0.09913748829926448 0.02233142307682786 0.00037234400835523126 0.006378827749120098 0.0 0.012018767119125097
85.44 5.84537266925429 80.04308220062504 8.993566871856974 2.025838047670693 69.02140977974774 0.760810013701198 0.09913439549902692 0.022330431640342888 0.00037234485123971764 0.006394533794482667 0.0 0.012025141957501482
86.4 5.845293549351466 80.04270794559378 8.993291363825659 2.0257498985883835 69.02139915853047 0.7608100566459894 0.0991313794760752 0.022329464686140187 0.00037234567967413756 0.006409849942639271 0.0 0.01203135945332538
87.36 5.845216784417653 80.04234464321634 8.993023924020065 2.0256643203881652 69.02138885155014 0.7608100983400392 0.09912845177215997 0.022328525931530663 0.0003723464934779873 0.0064247175814032146 0.0 0.012037395716554634
88.32 5.845142270658531 80.04199181530642 8.992764200113252 2.0255812011277445 69.02137884485923 0.7608101388377836 0.09912560853075199 0.022327614148693498 0.0003723472914060726 0.006439156295489359 0.0 0.0120432586392222
89.28 5.845069766398939 80.04164834362311 8.992511368073881 2.0255002784645777 69.02136910651959 0.7608101782670093 0.09912284073152017 0.022326726460060203 0.00037234807613828664 0.00645321189255899 0.0 0.012048966713094241
90.24 5.844999709292245 80.04131630904484 8.992266959367125 2.0254220432286503 69.02135969524225 0.7608102163884966 0.09912016514006412 0.022325868249952283 0.0003723488441129837 0.006466799232869432 0.0 0.012054485337647238
91.2 5.844931370755961 80.04099227843528 8.992028446403902 2.0253456872485636 69.02135051343828 0.7608102535957791 0.09911755408675009 0.02232503065319263 0.0003723496003689459 0.006480058829981148 0.0 0.01205987148418621
92.16 5.8448650224974745 80.04067758725519 8.991796810972692 2.0252715274118276 69.02134159797083 0.7608102897344388 0.09911501832062869 0.022324217146318662 0.00037235034453159826 0.006492936096967542 0.0 0.012065102807094623
93.12 5.84480089391806 80.04037321297614 8.991572775074596 2.0251997894769866 69.02133297862105 0.7608103246950235 0.09911256574324247 0.02232343020503203 0.0003723510710807315 0.00650539091037128 0.0 0.012070163412707436
94.08 5.844738279855527 80.04007596946161 8.991353989713225 2.025129729262245 69.02132456222168 0.7608103588383665 0.09911017064293987 0.02232266166708791 0.00037235178887470497 0.006517553837483309 0.0 0.012075105736493614
95.04 5.844677724749177 80.03978838344074 8.99114231594653 2.025061940091291 69.02131642128025 0.7608103918762276 0.09910785339219026 0.02232191804069388 0.000372352492965361 0.006529321423324234 0.0 0.012079887963325965
96.0 5.8446187533558 80.03950814273317 8.9909360533842 2.0249958745640493 69.02130849126928 0.7608104240755554 0.09910559537539164 0.022321193320679188 0.00037235318363696774 0.006540788203879212 0.0 0.012084548693344875
