%Sandstone at 40 C (Ámol) 
% time(days)    H2     CO2        CH4      H2S    pH   SO4(mM)    1 Ámol/L = 0.001mM
0.0             9053    2537       1        2    7.0    4.5
1.1             8047    2252       13       24   7.2    2.6
2.0             6408    1789       398      27   7.7    1.8
3.0             20        76      1586      5    8.5    1.3
4.0             2         85      1615      6    8.6    1.9
4.3             2         86      1603      6    8.6    1.5
7.0             3         88      1549      6    8.5    1.9
8.2             2         82      1457      5    8.5    2.0
9.0             4         91      1504      6    8.6    2.6
11.1            5        87      1423      6    8.6     1.7