time_d pH Ptot_atm pH2_atm pCO2_atm pCH4_atm CH4_g_mol H2_g_mol CO2_g_mol SO4 Formate Acetate Ca
0.0 7.0 4.321717740670406 0.0 4.321717740670406 0.0 0.0 0.0 0.0 0.0003700000000000007 0.0 1.0000000000000002e-06 0.004100000000000002
0.96 5.741736041494169 81.50800398583874 9.119826883132937 3.246163809542594 69.1396106306522 0.7657717491328216 0.101008752007402 0.035953638091520676 0.0003722705846524797 0.00013907867863343658 3.90143795745305e-11 0.012270248765270404
1.92 5.740745758679333 81.50327430366816 9.116342242125285 3.245072780663326 69.13945636823372 0.7657722740843006 0.1009704515595052 0.03594165897952468 0.0003722770575029641 0.0003336033286273878 8.866253151327764e-17 0.012346986623341168
2.88 5.739789232964556 81.498679678662 9.112958086555347 3.2440113142168836 69.13930712395027 0.7657727850348222 0.10093325467281933 0.03593000396023779 0.00037228340363827927 0.0005225227156022541 6.92694009824874e-21 0.012421646631641112
3.84 5.7388644979576835 81.49421309085022 9.109669151781148 3.2429779399248457 69.13916261226358 0.7657732826782174 0.10089710356494594 0.03591865693607157 0.0003722896317611908 0.0007061303369656326 0.0 0.012494332056714826
4.8 5.737971295474822 81.4898756067675 9.106476135826979 3.2419730476930226 69.13902281167621 0.7657737668065078 0.10086200598838546 0.03590762223206658 0.00037229573631686493 0.0008843868434830106 0.0 0.012565015326483162
5.76 5.7371073696400465 81.48565832605644 9.103372408158554 3.2409947020726833 69.13888738721465 0.765774238331886 0.10082788913081595 0.03589687863382216 0.00037230172198213435 0.0010576620661241693 0.0 0.012633832467021433
6.72 5.736271922398367 81.48155941896817 9.10035654544403 3.240042603419061 69.13875623187431 0.765774697381324 0.10079473741584656 0.0358864228887283 0.00037230758958409677 0.0012260351376411028 0.0 0.012700804420477389
7.68 5.735464100299309 81.4775765701826 9.097426774972613 3.239116326925619 69.13862922761024 0.7657751441442531 0.10076253142088618 0.03587625036628044 0.00037231333768173905 0.0013896047261371409 0.0 0.012765960964117359
8.64 5.734682873848581 81.47370648422678 9.094580606795358 3.2382152122998398 69.138506228907 0.7657755789225053 0.10073124383361433 0.03586635384732487 0.0003723189667093382 0.001548509568637546 0.0 0.012829348446804157
9.6 5.7339271848722735 81.46994562382427 9.09181537808632 3.237338536788228 69.13838708377796 0.7657760020517287 0.10070084543891773 0.035856725424970974 0.00037232447817532816 0.0017028980654476783 0.0 0.012891017611025653
10.56 5.73319613693025 81.46629102711562 9.089128856014396 3.236485698490433 69.13827166484985 0.7657764138080502 0.10067131174083263 0.03584735851575911 0.00037232987445776674 0.001852894648786129 0.0 0.012951010733059215
11.52 5.732488947158476 81.46274029746446 9.086519224521123 3.2356562262192243 69.13815986251548 0.7657768144074084 0.10064262282437159 0.0358382479713809 0.0003723351511760122 0.0019986004832134897 0.0 0.013009360874482005
12.48 5.731804624294772 81.45928996072705 9.083983877823739 3.2348493945850394 69.13805153353503 0.7657772041880682 0.10061475009131413 0.0358293858506116 0.0003723403168633354 0.0021401608307251726 0.0 0.013066118969383431
13.44 5.7311428613347735 81.45593964228378 9.081522497816906 3.2340651843861132 69.13794664050435 0.765777583148121 0.10058769008362498 0.03582077196372368 0.00037234536396326794 0.00227759327490168 0.0 0.013121286342119284
14.4 5.730501966259063 81.45268211996405 9.079129732605068 3.2333019810740415 69.1378449272573 0.7657779520588803 0.10056138400644674 0.03581238859930833 0.00037235030398433263 0.0024111964392041847 5.26206191746212e-25 0.013174976484310963
15.36 5.729881500781768 81.44951629626522 9.076804735774202 3.2325595913164835 69.1377463359138 0.7657783110031336 0.10053582258966566 0.03580423365314305 0.0003723551351785834 0.002541017420909928 0.0 0.013227202949617285
16.32 5.729281425665985 81.44644311484154 9.074548161702204 3.2318383007524143 69.13765087008662 0.7657786598346006 0.100511013064802 0.03579631028257616 0.00037235985624752916 0.0026670195083803518 0.0 0.013277945587908286
17.28 5.7287004075692405 81.44345662839712 9.072355611744163 3.231136763793473 69.13755832637193 0.7657789991964881 0.1004869071009054 0.03578860372203459 0.000372364465612689 0.002789448182295768 0.0 0.013327299049404998
18.24 5.728137628793694 81.44055376019548 9.070224789869986 3.2304543191340733 69.13746858515105 0.7657793293999201 0.10046347948848491 0.03578110672531051 0.00037236897333849556 0.0029084314869349697 0.0 0.013375309776972018
19.2 5.727593176163668 81.43773578879832 9.068156605420675 3.2297913136911154 69.13738166873944 0.7657796502699498 0.10044074025210066 0.03577382311785376 0.0003723733728635276 0.0030239185255018083 0.0 0.013421953350501838
20.16 5.7270660100780715 81.43499825768234 9.066147756915516 3.229146749328907 69.13729741996126 0.7657799622840837 0.10041865312134574 0.03576674194967883 0.000372377672264854 0.0031360935199849418 0.0 0.013467299940192213
21.12 5.726554606230072 81.43233415142791 9.064193066866995 3.2285190225913922 69.13721560395227 0.7657802662108835 0.10039716119740781 0.03575984561989306 0.0003723818783706608 0.0032452454547041132 0.0 0.013511462290374308
22.08 5.726059256099802 81.42974561656918 9.062294088114408 3.227908673970474 69.13713627398029 0.7657805617828712 0.10037628157384512 0.035753140077243076 0.0003723859860188464 0.003351287529542217 0.0 0.013554402377134693
23.04 5.725579794451558 81.42723236554323 9.060450590205075 3.227315668028992 69.13705940832553 0.765780849014189 0.10035601173676943 0.03574662494264593 0.0003723899907282724 0.0034542325271866518 0.0 0.01359612270155144
24.0 5.725115342266012 81.42479075029948 9.058659866861614 3.226739193491993 69.13698487626006 0.7657811282906396 0.10033632195659355 0.03574029131757389 0.00037239390461675205 0.0035542314416971473 0.0 0.013636680249120124
24.96 5.724664959451043 81.42241648850202 9.056918755589008 3.2261782741706653 69.13691253389234 0.765781400079892 0.10031717747984305 0.03573412848736722 0.00037239773433593424 0.003651460785969031 0.0 0.013676143665903827
25.92 5.724228812771412 81.42011075137538 9.055228104327771 3.225633204509525 69.13684241010117 0.765781664236229 0.10029858764226988 0.035728139693147504 0.0003724014658616537 0.003745873161854476 0.0 0.013714492286782502
26.88 5.7238062270408365 81.41787074463873 9.0535858401228 3.2251033635897532 69.13677440430361 0.7657819210559194 0.10028052967232086 0.03572231812457402 0.0003724051095475154 0.003837584225315221 0.0 0.013751769727694131
27.84 5.723396357410486 81.41569250308828 9.051989038862597 3.2245878404438977 69.13670838616099 0.7657821709749861 0.10026297143210368 0.035716653780641 0.0003724086694490913 0.003926757203667045 0.0 0.013788040062160093
28.8 5.722998998574093 81.4135753850996 9.05043721576299 3.224086507205237 69.13664432664476 0.7657824140546954 0.10024590760581385 0.0357111452639985 0.00037241214512288997 0.004013419104524462 0.0 0.013823312278912371
29.76 5.722613863740071 81.41151835502572 9.048929595851842 3.2235991441317617 69.1365821847458 0.7657826503968574 0.10022932968618697 0.03570579016789252 0.0003724155377056361 0.004097613140668252 0.0 0.013857601818133463
30.72 5.722240554660789 81.40951973428353 9.04746493443486 3.2231253767629986 69.13652190093327 0.765782880178607 0.10021322399963241 0.035700584384855134 0.00037241884860992274 0.00417940876319826 0.0 0.013890935009564134
31.68 5.7218787542951235 81.4075782631777 9.046042294598012 3.222664929082821 69.13646342835915 0.7657831035329408 0.10019758025708549 0.03569552488900184 0.000372422079641828 0.004258858235085246 0.0 0.013923331254945928
32.64 5.721528150378246 81.40569256951375 9.044660660772879 3.2222174919310826 69.13640671947842 0.7657833206063904 0.10018238730099649 0.03569060828837679 0.00037242522931143644 0.004336018230063471 0.0 0.013954812314325759
33.6 5.72118841297853 81.40386155188949 9.043319205896998 3.2217828365439876 69.13635172862531 0.7657835315058946 0.1001676360536708 0.035685832078632226 0.0003724283076404301 0.004410934852247237 0.0 0.013985394205634449
34.56 5.720859103494636 81.40208272744489 9.042016112750234 3.221360370556253 69.13629838242151 0.765783736517536 0.10015330653339527 0.03568118975060867 0.00037243130437592887 0.004483709596323153 0.0 0.014015118697126388
35.52 5.72053933947398 81.40035205970234 9.040748403031932 3.2209491698179322 69.13624654661403 0.7657839360873088 0.10013936600664011 0.035676671158928634 0.0003724342357870677 0.00455450870431356 0.0 0.014044050707245594
36.48 5.720229646955804 81.39867255692424 9.03951827487493 3.22054995838352 69.13619630740577 0.7657841298619595 0.10012583865218459 0.0356722842632993 0.00037243709369210067 0.004623209388382747 0.0 0.014072139320984185
37.44 5.7199290366799 81.39703906494076 9.038321946087784 3.2201615222120634 69.13614750661544 0.7657843184277026 0.10011268288498033 0.03566801572623271 0.0003724398817661901 0.004690022850635656 0.0 0.014099469960292934
38.4 5.71963776146271 81.39545337682557 9.037160717334475 3.2197843079274855 69.13610019008551 0.7657845015671971 0.10009991301929419 0.03566387046171886 0.00037244260021710584 0.004754876397468215 0.0 0.014126011165193911
39.36 5.719355667285715 81.39391493254593 9.036034169917814 3.2194181962603814 69.13605433570943 0.7657846793344815 0.10008752445828024 0.035659847163129026 0.0003724452526162663 0.004817793378995142 0.0 0.014151771319641054
40.32 5.719081268895957 81.39241577790662 9.034936474633458 3.2190613022218417 69.13600970312099 0.7657848526453476 0.10007545310475115 0.03565592511874868 0.0003724478458918268 0.004879099328047566 0.0 0.014176883050566833
41.28 5.7188151574300425 81.39095938803003 9.033870168356776 3.2187144652228405 69.13596639129814 0.7657850210907111 0.10006372686345105 0.035652113556818785 0.0003724503759121458 0.00493865253023032 0.0 0.01420128729266463
42.24 5.71855701386022 81.38954423726248 9.032834127307856 3.2183773328959844 69.13592435065436 0.765785184837616 0.10005233338182681 0.0356484086081194 0.0003724528446538239 0.004996515722787293 0.0 0.014225008832014373
43.2 5.718307050628916 81.3881717601972 9.031829393736345 3.2180502600963674 69.13588361872716 0.7657853437133428 0.10004128412952965 0.03564481417650501 0.0003724552509780489 0.00505263065920776 0.0 0.014248022684307056
44.16 5.718064648213749 81.38683865483684 9.03085354693386 3.2177324654400925 69.13584409545962 0.7657854980967163 0.10003055248929127 0.03564132167664656 0.00037245759631563145 0.005107132524139802 0.0 0.01427038384078667
45.12 5.717829648728799 81.38554429462938 9.029906121042314 3.2174238111437656 69.13580575790024 0.7657856480540766 0.1000201333443814 0.03563792959778676 0.0003724598835078708 0.005160047306574308 0.0 0.0142921019788745
46.08 5.717601395729274 81.38428526880914 9.028984613566829 3.2171234937840145 69.1357685010389 0.7657857939747139 0.10000999918004146 0.0356346291134803 0.0003724621189148058 0.00521151474574888 0.0 0.014313233610029391
47.04 5.717379994597326 81.38306220270012 9.028089480381118 3.2168316653943627 69.13573234231855 0.765785935781362 0.10000015501136288 0.035631421895425834 0.00037246429683017787 0.005261509376023829 0.0 0.014333768061601032
48.0 5.717165214387976 81.38187417444746 9.027220036827254 3.216548122154832 69.13569724830116 0.7657860735726281 0.09999059331759169 0.035628305708401906 0.00037246642547754996 0.005310069392497294 0.0 0.014353719625098153
48.96 5.716956392309015 81.38071747501557 9.026373569035954 3.2162719777461475 69.13566310997965 0.7657862077800935 0.09998128425338798 0.035625270811603396 0.0003724685056528381 0.005357346374153704 0.0 0.014373150693899533
49.92 5.7167537089130835 81.37959329568328 9.02555094342995 3.216003525658081 69.13562995876218 0.7657863382599579 0.09997223735258465 0.03562232043332099 0.0003724705353041725 0.005403291903698989 5.30539812306472e-25 0.014392040603407404
50.88 5.716557056577495 81.37850118391847 9.02475182442497 3.2157426646953557 69.13559777886859 0.7657864650581898 0.0999634489277909 0.0356194534632546 0.0003724725161946498 0.005447924709346702 0.0 0.014410396468203971
51.84 5.716366249270572 81.37744020029551 9.02397552186169 3.215489175241969 69.13556654060238 0.7657865882840925 0.09995491139277293 0.035616667489545555 0.0003724744492018105 0.005491283322568842 0.0 0.014428233741557179
52.8 5.716181453199547 81.37641142877514 9.023222824002087 3.215243323716575 69.13553627328255 0.7657867078048208 0.09994663341993076 0.035613965442248804 0.0003724763323281483 0.005533323700509375 0.0 0.014445533669681886
53.76 5.716001701546283 81.37540955094005 9.022489837928724 3.2150038425391996 69.1355068187533 0.765786824235449 0.09993857219843132 0.03561133339105729 0.0003724781747316079 0.005574263264348328 0.0 0.014462385439683909
54.72 5.715827376026065 81.37443681605771 9.021778205338641 3.2147712750097717 69.13547824137694 0.7657869373134234 0.0999307457869834 0.03560877730916885 0.0003724799713561768 0.005614010303789711 0.0 0.014478750819715875
55.68 5.7156580771902075 81.3734910920584 9.02108636373928 3.2145451160772276 69.13545047652907 0.7657870472818519 0.09992313700356398 0.03560629164680212 0.0003724817261431751 0.005652652080580734 0.0 0.014494665342702844
56.64 5.715493783396376 81.37257233801937 9.020414280880766 3.2143253599055757 69.13542352136703 0.7657871541455449 0.09991574549690638 0.03560387634142127 0.00037248343913179414 0.005690190381334708 0.0 0.014510129417555768
57.6 5.715334387489703 81.37168006411758 9.01976159513445 3.2141118943846014 69.1353973597793 0.7657872579549379 0.09990856729159928 0.03560153016199156 0.00037248511129841654 0.005726645395559213 0.0 0.014525150927114346
58.56 5.71517976621966 81.37081360633606 9.019127819974695 3.213904562275803 69.13537197148302 0.7657873587892599 0.09990159703918583 0.035599251381267925 0.00037248674175002886 0.005762044289465892 0.0 0.014539740942619435
59.52 5.715029640168021 81.36997154335148 9.018511911529728 3.2137030298811693 69.13534731265538 0.7657874568080578 0.0998948232617632 0.035597036333201396 0.0003724883347821828 0.005796445353990406 0.0 0.014553922926551461
60.48 5.7148843335553625 81.36915572851967 9.017915224469261 3.213507742810486 69.13532343645136 0.7657875517938537 0.0998882608596365 0.035594889916195124 0.00037248988674631217 0.0058297729191048924 0.0 0.014567665535454223
61.44 5.714742958022208 81.3683612690431 9.017334177388019 3.2133175340406326 69.13530019828454 0.7657876443162642 0.09988187044710937 0.03559279930487644 0.0003724914054567787 0.005862227009396845 0.0 0.014581050867117234
62.4 5.71460626881533 81.36759239519 9.016771864338077 3.213133416289905 69.13527772183731 0.7657877338803036 0.09987568605279044 0.035590775630091755 0.0003724928826244893 0.005893634810177967 0.0 0.014594007688766595
63.36 5.714473411269618 81.36684449044502 9.01622490397245 3.2129542923387704 69.13525586895055 0.7657878210193451 0.09986967049243499 0.0355888068344395 0.00037249432713233117 0.005924185163227045 0.0 0.014606613166041617
64.32 5.714344341737805 81.36611730388577 9.015693112715741 3.212780102166504 69.13523463228773 0.7657879057622772 0.09986382174747274 0.035586892258368384 0.00037249573930430487 0.005953888321971002 0.0 0.01461887153399963
65.28 5.714218869484012 81.3654097191102 9.015175674961924 3.212610576820884 69.13521397995957 0.7657879882405931 0.09985813084740475 0.035585028945486166 0.0003724971192250983 0.005982789846480587 0.0 0.014630801733798179
66.24 5.714097257385121 81.36472344155112 9.014673832045778 3.212446134608543 69.13519395781839 0.7657880682491374 0.09985261144937871 0.035583221496162415 0.0003724984664492696 0.0060108203760721995 0.0 0.014642374297803941
67.2 5.713978807134992 81.36405446166872 9.014184653597768 3.212285812036059 69.13517445001898 0.7657881462570908 0.09984723132356443 0.03558145931966793 0.0003724997862636419 0.006038143594508023 0.0 0.014653657036272966
68.16 5.713864379040927 81.36340772467642 9.013711753183149 3.2121307982000693 69.13515559932084 0.7657882216857419 0.0998420302150498 0.035579755487034716 0.00037250107032309947 0.006064557654927421 0.0 0.014664566281136457
69.12 5.713752999396017 81.36277778710036 9.013251148959355 3.211979790996637 69.13513724595951 0.7657882951681795 0.09983696433177607 0.03557809568697868 0.0003725023275886917 0.006090284957851176 0.0 0.014675193637565328
70.08 5.713644546416235 81.36216393097902 9.012802316696796 3.2118326173309173 69.13511936926912 0.7657883667880955 0.09983202790795861 0.035576478016741374 0.0003725035587392096 0.006115354786585872 0.0 0.014685551297743299
71.04 5.713539602817556 81.36156953038883 9.01236772106105 3.2116900895091245 69.13510206649474 0.76578843615049 0.09982724805256266 0.03557491140583355 0.0003725047595424119 0.0061396294676517305 0.0 0.014695582102439963
72.0 5.713437960827954 81.36099343797612 9.011946522375816 3.2115519338543175 69.1350853035853 0.7657885033881181 0.09982261553144926 0.03557339284655988 0.00037250593055540316 0.006163155897847541 0.0 0.014705305307969454
72.96 5.713339046766386 81.36043247637231 9.011536395750463 3.2114173916099773 69.13506898667936 0.7657885688693028 0.09981810477619148 0.03557191399982778 0.00037250707726975283 0.006186063927127905 0.0 0.014714774287431473
73.92 5.713242606256312 81.3598852165314 9.01113629573407 3.21128612060115 69.13505307429492 0.7657886327614677 0.09981370428882873 0.035570471104799675 0.0003725082025228803 0.006208411949664025 0.0 0.014724013117628673
74.88 5.713149446473555 81.35935617209326 9.010749524002785 3.2111592011658066 69.13503769825483 0.7657886945382619 0.09980945038205918 0.03556907603569496 0.000372509297540309 0.006230015551994237 0.0 0.014732945811730213
75.84 5.71305858793201 81.35883994231027 9.010372127931872 3.211035344252198 69.13502269924808 0.7657887548264215 0.09980529958596061 0.03556771462534209 0.00037251037213345003 0.006251095495997978 0.0 0.014741663032009853
76.8 5.712970473732918 81.35833902721082 9.010005935578558 3.2109151492071017 69.13500815000694 0.7657888133342665 0.0998012720064735 0.0355663934615735 0.0003725114229076155 0.006271549674266052 0.0 0.014750122620237985
77.76 5.712884855448547 81.35785199673873 9.009649901871244 3.210798272228577 69.13499400928897 0.7657888702293089 0.09979735614923581 0.03556510876527008 0.00037251244986641894 0.006291436462576339 0.0 0.014758348773746972
78.72 5.712801954528717 81.35738018490412 9.009304999937367 3.2106850366699113 69.13498031467637 0.7657889253540942 0.09979356271880756 0.03556386409158651 0.0003725134531908095 0.0063107014973758915 0.0 0.014766318731748943
79.68 5.712721428960868 81.35692165225548 9.00896981191837 3.210574977457497 69.13496700956688 0.7657889789342914 0.09978987612114879 0.03556265432862565 0.000372514434686298 0.006329423973839549 0.0 0.014774065217756257
80.64 5.712643054082374 81.35647514785819 9.008643422543996 3.2104677955362773 69.13495405729641 0.7657890311156867 0.09978628629021948 0.035561476189562076 0.00037251539656812623 0.006347655013082767 0.0 0.014781609270210872
81.6 5.712566907846011 81.35604111533513 9.008326156086804 3.2103635975149807 69.13494147062545 0.7657890818461186 0.09978279679278203 0.0355603308463063 0.0003725163388395661 0.006365376501822186 0.0 0.014788943392166859
82.56 5.712493100170139 81.35562020345654 9.008018486086813 3.210262540170554 69.13492926803383 0.7657891310493831 0.09977941283770665 0.035559220022463985 0.00037251725910448103 0.006382561987176366 0.0 0.014796056552833033
83.52 5.712421686448566 81.35521275586991 9.00772066292695 3.2101647072530124 69.13491745904925 0.7657891786846249 0.09977613717954008 0.03555814463898914 0.000372518158206224 0.0063991974804377075 0.0 0.014802942857685122
84.48 5.712352158720737 81.35481589795086 9.007430584945924 3.210069409519188 69.13490595982839 0.7657892250866662 0.09977294670339756 0.03555709711997196 0.00037251903917600074 0.006415400370947027 0.0 0.01480965079715595
85.44 5.7122843362246565 81.35442860430467 9.007147502409785 3.2099764010094107 69.13489474062628 0.7657892703755071 0.09976983316339737 0.035556074761918355 0.0003725199047625971 0.00643121253614329 0.0 0.014816197677571613
86.4 5.712218688628248 81.35405355905634 9.006873377056989 3.2098863266095883 69.13488387905748 0.7657893142371254 0.09976681813636656 0.03555508465358156 0.00037252075075887775 0.006446524398238393 0.0 0.014822538129928025
87.36 5.712155001624803 81.35368957816837 9.006607342338112 3.2097989035950047 69.13487334030624 0.765789356809325 0.09976389209217049 0.03555412368768944 0.0003725215786061896 0.006461384356271474 0.0 0.01482869203997799
88.32 5.712092851553039 81.35333424549098 9.006347632277896 3.2097135518434077 69.1348630542176 0.7657893983739943 0.09976103560752947 0.03555318548752693 0.00037252239216297903 0.006475891051773679 0.0 0.014834700223945285
89.28 5.712032786514004 81.35299067852273 9.00609652563121 3.2096310197064395 69.13485311131672 0.765789438567176 0.09975827374575322 0.03555227827901303 0.0003725231868186655 0.006489917201310532 0.0 0.01484051003706508
90.24 5.7119745998878875 81.35265773313475 9.005853185273986 3.20955103392364 69.1348434778087 0.7657894775214298 0.09975559730032033 0.035551399058849874 0.00037252396383367854 0.006503509560041412 0.0 0.01484614069914347
91.2 5.7119180818033914 81.35233422824435 9.005616747476337 3.2094733115628276 69.13483411922184 0.7657895153744668 0.09975299677169472 0.035550544717227954 0.00037252472544434186 0.006516716371611098 0.0 0.014851612114278415
92.16 5.7118629582301885 81.35201859677146 9.00538606698324 3.2093974761952313 69.13482499009368 0.7657895523092679 0.09975045956359369 0.03554971111638621 0.0003725254740450115 0.006529601606560462 0.0 0.014856950768182676
93.12 5.711809405016433 81.35171184975839 9.005161882388576 3.2093237709441884 69.13481611979174 0.7657895882086977 0.09974799379989358 0.03554890092893605 0.00037252620825618755 0.006542124008521943 0.0 0.014862139556552372
94.08 5.711757214345738 81.35141279065066 9.004943319367731 3.209251908028441 69.13480747381719 0.7657896232118344 0.09974558986366226 0.03554811099132505 0.00037252692916276694 0.006554332417319112 0.0 0.014867198730332504
95.04 5.711706736914479 81.35112348623795 9.004731887023203 3.2091823866643585 69.13479911072504 0.7657896570753999 0.09974326435492234 0.03554734679192143 0.00037252763520822277 0.006566142528785706 0.0 0.014872093154860369
96.0 5.711657906163064 81.350843503388 9.004527269862386 3.209115100583811 69.13479101912853 0.7657896898515796 0.09974101380226204 0.035546607161916675 0.0003725283255462071 0.006577571974092845 0.0 0.014876830320959579
