time_d pH Ptot_atm pH2_atm pCO2_atm pCH4_atm CH4_g_mol H2_g_mol CO2_g_mol SO4 Formate Acetate Ca
0.0 7.0 2.547678260441086 0.0 2.547678260441086 0.0 0.0 0.0 0.0 0.0003700000000000001 0.0 9.999999999999995e-07 0.004100000000000003
0.96 5.900696548184899 80.02534598808744 9.104847341458955 1.9060651251514438 69.01245908265277 0.7601604189798127 0.10028833433595172 0.020994980955566876 0.0003718884395656011 0.00011977312339183087 1.4753125949104274e-11 0.009387100101280882
1.92 5.899445463760483 80.0206551400764 9.101356139352458 1.9050192983108116 69.01230490984612 0.7601609205582847 0.10025016944809344 0.020983522074455453 0.00037189391647713023 0.00031359443078957973 1.7395348403894056e-17 0.009460834354320132
2.88 5.898238481573663 80.01609733359923 9.097965334517998 1.9040009053848168 69.0121559606644 0.7601614093102663 0.10021310092792658 0.020972363367258075 0.0003718993290621241 0.0005018476859040791 2.409718717822766e-22 0.00953263610127459
3.84 5.897073156677153 80.01166635042121 9.09467016686546 1.9030087723385596 69.01201195023447 0.760161885770696 0.10017707684722325 0.020961492009070867 0.0003719046779006043 0.0006847966088742128 0.0 0.009602587937842359
4.8 5.895948146699496 80.00735998012307 9.091468867191168 1.9020426075919405 69.01187272845807 0.7601623500502209 0.1001420779682436 0.0209509048418164 0.0003719099576670788 0.0008625388997707997 0.0 0.009670710244541324
5.76 5.894862007797842 80.00317509408306 9.088359003888515 1.9011018807715983 69.01173812821699 0.7601628023764011 0.1001080777962566 0.02094059608532918 0.0003719151649200772 0.0010352091202449362 0.0 0.009737040315813739
6.72 5.893813126862214 79.99910825537088 9.08533790607891 1.9001860064931275 69.0116079683147 0.7601632430022709 0.10007504722427268 0.02093055935844391 0.00037192029811409323 0.0012029550885064204 0.0 0.009801619241392305
7.68 5.892799842175085 79.99515533643878 9.082402409827084 1.8992942136739537 69.01148205569247 0.7601636722764199 0.10004295174202561 0.02092078624009266 0.000371925355910973 0.0013659520711567384 0.0 0.009864501271527168
8.64 5.891820998942248 79.99131380818258 9.079550552346376 1.8984260683733163 69.01136025759673 0.7601640903868269 0.10001176996048033 0.020911271999919507 0.00037193032220972843 0.0015243087023989882 0.0 0.00992571693577607
9.6 5.890875260941625 79.9875809589176 9.07678021990372 1.8975811203344395 69.01124242589357 0.760164497527191 0.09998147885010496 0.020902011732425875 0.0003719352289936677 0.0016781419342572206 0.0 0.009985297796271372
10.56 5.889961386399546 79.98395351119545 9.074088910652511 1.8967587395509442 69.01112841459968 0.7601648939839719 0.09995205111465578 0.02089299855387662 0.0003719400442206914 0.0018275904035917575 0.0 0.010043288246412704
11.52 5.889077868302183 79.98042750359684 9.071473605764634 1.8959581576931306 69.01101804898364 0.760165280109017 0.09992345381181413 0.02088422406685874 0.00037194477735031143 0.001972821410112492 0.0 0.010099742344219509
12.48 5.8882240086196855 79.97700169239985 9.068933318873096 1.8951791945840861 69.01091125163447 0.760165655972551 0.0998956762093957 0.020875686315497213 0.0003719494272801121 0.0021138894667583996 0.0 0.010154672752693985
13.44 5.887398398491884 79.97367228387867 9.066465165029747 1.8944211038954784 69.01080785966764 0.760166021918823 0.09986868682044082 0.020867377140620258 0.0003719539924959902 0.0022509544820297827 0.0 0.010208131987196934
14.4 5.886600142148951 79.97043712577015 9.064067490469467 1.893683489229678 69.01070777069945 0.7601663781255741 0.09984246760977908 0.020859292214628074 0.0003719584748720626 0.002384108055525424 0.0 0.010260147949584368
15.36 5.88582810333373 79.96729310538146 9.061737930921227 1.8929657344771194 69.0106108520687 0.7601667248767168 0.09981699277234533 0.02085142480140057 0.00037196287220103046 0.002513481243181831 0.0 0.010310764017133999
16.32 5.885081358243061 79.96423776016533 9.059474610621775 1.8922673591679462 69.01051699717576 0.7601670623912902 0.099792241838207 0.020843769649426976 0.0003719671913338577 0.002639178008229354 0.0 0.01036001402871401
17.28 5.884359088943909 79.96126917018297 9.057276053679836 1.8915880109775414 69.01042611404053 0.7601673908280044 0.09976819871195426 0.02083632291232777 0.00037197141660951893 0.0027612800950207153 0.0 0.010407922752210082
18.24 5.883660344948114 79.9583845436598 9.055140149628638 1.8909271207465688 69.0103380902272 0.7601677104520264 0.09974484035092736 0.020829078364078345 0.00037197556322170975 0.002879904533304072 0.0 0.010454530296779415
19.2 5.8829844093445525 79.9555821031077 9.053065537894021 1.890284352706413 69.01025284436741 0.7601680214146815 0.09972215191281482 0.020822032337030446 0.0003719796261926221 0.0029951267044382502 0.0 0.010499860290681149
20.16 5.882330042525251 79.95285774758707 9.051049143455321 1.8896588293645642 69.01017022767205 0.7601683241311428 0.09970009980157768 0.02081517522366359 0.00037198361420129697 0.003107117231195932 0.0 0.010543974579576142
21.12 5.881696944309095 79.95021136231958 9.04909084038995 1.8890505911474877 69.01009021075225 0.760168618572585 0.09967868267491244 0.020808507479193883 0.00037198750850652535 0.0032158829339357913 7.881097987868412e-25 0.010586870257010883
22.08 5.881083965291212 79.94763896400916 9.047187649668508 1.8884587728478222 69.01001265421681 0.7601689051506775 0.09965786797935589 0.020802019628276207 0.00037199132887078787 0.0033215891420652613 0.0 0.010628608325133064
23.04 5.880491331335803 79.94514244227673 9.045340934777775 1.8878838644405207 69.00993759426612 0.7601691836193871 0.09963767065526948 0.020795717052252763 0.00037199506452835745 0.003424159987060343 0.0 0.010669154196632473
24.0 5.879917059180705 79.94271439328176 9.043545185414107 1.8873242157358276 69.00986478699265 0.7601694547707327 0.09961803046592954 0.020789581670447838 0.0003719987249877368 0.0035239013812725126 0.0 0.010708624197386761
24.96 5.879361117295602 79.94035544698299 9.04180083970127 1.8867800167413893 69.00979423419919 0.7601697185061412 0.09959895222678726 0.020783615574122 0.00037200230703342686 0.003620788875441302 0.0 0.01074700490746017
25.92 5.878822575062487 79.93806229426097 9.040105426955606 1.8862505422996445 69.00972582234131 0.7601699751712848 0.09958040893614414 0.020777810820467348 0.0003720058153383108 0.003714959602945021 0.0 0.010784347459146113
26.88 5.87830133159582 79.93583534546714 9.038459221221848 1.8857359340663695 69.0096595460253 0.7601702246894664 0.09956240361497276 0.020772168970821635 0.0003720092449927877 0.0038063982242367966 0.0 0.0108206418205
27.84 5.877796215697247 79.9336701853352 9.03685893770001 1.8852352064604885 69.00959526003645 0.7601704675363372 0.09954490035553808 0.02076667922646182 0.00037201260233488874 0.003895287101368985 0.0 0.01085595748833044
28.8 5.877306929587487 79.9315662054819 9.03530410304342 1.884748256170747 69.00953293255505 0.7601707037539247 0.09952789399922592 0.020761340461399817 0.0003720158864551914 0.0039816524345926444 0.0 0.010890301722905033
29.76 5.876833425859248 79.92952366278794 9.033794890144305 1.8842751702707556 69.00947256047431 0.7601709332979586 0.09951138645279733 0.0207561536356062 0.0003720190940007511 0.004065484548824055 0.0 0.01092366838933297
30.72 5.876374356490325 79.92753769621665 9.032327676530338 1.8838148724868222 69.00941398111982 0.7601711566833382 0.0994953381185682 0.020751106957513917 0.00037202223638208015 0.004146984534200165 0.0 0.010956133308918923
31.68 5.875930222236528 79.92561057986927 9.030904135827264 1.883367900274724 69.00935725764474 0.760171373645976 0.09947976730998144 0.020746206322274863 0.00037202530300849156 0.00422605939900073 0.0 0.010987658633221334
32.64 5.8754993758346385 79.9237358738205 9.029519487731084 1.88293279718081 69.00930218642299 0.7601715848884775 0.09946462175832811 0.020741435767727558 0.00037202830480965267 0.004302974585634415 0.0 0.011018347028375014
33.6 5.875081870076428 79.9219142575252 9.028174218744335 1.882509746014987 69.00924877760261 0.7601717903199281 0.09944990679885463 0.020736797302902267 0.00037203124074797623 0.004377703004070729 0.0 0.01104818559094402
34.56 5.874677132346944 79.92014360881564 9.026866748211255 1.8820982752066724 69.00919696108079 0.7601719901647617 0.0994356051530583 0.020732285761299606 0.00037203411135893974 0.004450332405634919 0.0 0.011077207576610326
35.52 5.874285273298494 79.91842483998897 9.025597735653184 1.8816986203861636 69.00914675402491 0.7601721843060201 0.09942172404825668 0.02072790373086973 0.00037203691438564285 0.004520826090592712 0.0 0.011105396354872865
36.48 5.873905277913692 79.91675396830362 9.024364224491071 1.88130988011173 69.00909803143202 0.7601723731770416 0.09940823115568721 0.020723641332023757 0.00037203965609370455 0.004589348239007054 0.0 0.011132815478264425
37.44 5.873536783405291 79.91512967669196 9.023165232990399 1.8809317641191274 69.00905074813056 0.760172556917271 0.0993951157463378 0.020719495385302322 0.00037204233706907247 0.004655953341848608 0.0 0.011159485421247606
38.4 5.873179624728796 79.91355162819802 9.022000499314702 1.8805642146139299 69.009004886744 0.7601727355523848 0.09938237496668015 0.020715465260731893 0.00037204495689558954 0.004720655892833795 0.0 0.011185410244369405
39.36 5.872833484541841 79.91201876682226 9.020869232542525 1.8802070041475931 69.00896040955125 0.7601729091878888 0.09937000017411557 0.020711548467606682 0.0003720475169005802 0.004783499784407374 0.0 0.011210605978699249
40.32 5.872497740898954 79.91052872229926 9.019769671157718 1.879859600325599 69.00891724002344 0.7601730780817498 0.09935797211063793 0.020707739171946255 0.00037205002176834604 0.004844582818390285 5.0389998258555e-25 0.011235110152318765
41.28 5.872172551253025 79.90908212900884 9.018702283549246 1.8795221510498954 69.00887539629375 0.760173242161814 0.0993462959019661 0.020704038996078575 0.00037205246310736473 0.004903878973152095 0.0 0.011258912381342594
42.24 5.8718570437404 79.90767579786797 9.017664695836526 1.8791939451584925 69.00883477407471 0.7601734017680927 0.09933494559480552 0.020700440147298937 0.0003720548528677228 0.0049615200440329115 0.0 0.011282062752559913
43.2 5.8715511116704455 79.90630938939304 9.016656652522823 1.8788749118222714 69.00879536017796 0.7601735569356856 0.0993239183997824 0.020696941850745745 0.0003720571877811945 0.005017520202069186 0.0 0.011304566273414435
44.16 5.8712545529892735 79.9049821236909 9.015677573488508 1.8785648765454772 69.00875712926974 0.7601737077471453 0.09931320797533703 0.02069354219458425 0.00037205946846932886 0.005071911656060119 0.0 0.011326435264496166
45.12 5.8709670327196335 79.90369292386488 9.014726651740588 1.8782636083910478 69.00872004228589 0.7601738543134811 0.09930280550416322 0.020690238650086668 0.0003720616984689986 0.005124739182794921 0.0 0.011347685976958639
46.08 5.870688001986305 79.90243940666598 9.01380212598671 1.8779705556929105 69.00868402878802 0.7601739968991528 0.09929269172146477 0.02068702516898691 0.00037206387737479874 0.005176100619380302 0.0 0.01136835733629944
47.04 5.8704174401409075 79.90122171332648 9.01290409292925 1.877685763466931 69.00864908828073 0.7601741354829987 0.0992828676920554 0.020683902247219863 0.00037206600588502185 0.005225990560848629 0.0 0.01138844615766875
48.0 5.870155129588395 79.90003912913087 9.012032017332352 1.8774090777754264 69.00861519515915 0.7601742701385289 0.09927332756759157 0.020680868199106726 0.0003720680865234686 0.005274438707877851 0.0 0.011407963282208125
48.96 5.869900633913416 79.89888976608864 9.01118450382693 1.877140061932275 69.00858229337027 0.760174401075525 0.09926405608608245 0.02067791823706711 0.0003720701198562608 0.005321522569162162 0.0 0.011426939521533641
49.92 5.869653713438282 79.89777276914019 9.010360914836642 1.8768785270787662 69.0085503542216 0.7601745283853697 0.09925504627866942 0.020675050292170535 0.0003720721070142348 0.005367277536295253 0.0 0.011445388182089133
50.88 5.86941420681955 79.89668758835109 9.009560839309533 1.876624353652207 69.00851935834717 0.7601746521238231 0.09924629365326516 0.020672263054928832 0.00037207404991284655 0.005411726422616375 0.0 0.011463317690806699
51.84 5.8691819926907485 79.89563379122713 9.008783954338943 1.8763774467042513 69.0084892910737 0.7601747723386971 0.0992377946815278 0.020669555485518517 0.0003720759471066611 0.005454887149416688 0.0 0.011480734745435303
52.8 5.868957173606697 79.89461195614135 9.008030682520204 1.8761379479080116 69.00846016653115 0.7601748889571261 0.09922955398928014 0.020666929138538306 0.0003720777976637695 0.005496736226210368 0.0 0.011497629358441595
53.76 5.868738482611411 79.89361650114945 9.007296903605841 1.875904557561771 69.0084318223843 0.7601750026136391 0.09922152650676466 0.02066436976313956 0.0003720796057347118 0.005537502534575973 0.0 0.011514093182790227
54.72 5.86852690380967 79.89265210653029 9.006586061624716 1.8756783827912795 69.00840438801488 0.7601751127648476 0.09921374991559477 0.02066188950166152 0.00037208137877245325 0.005576994713283826 0.0 0.0115300481268108
55.68 5.868321008273237 79.89171228042343 9.005893370183488 1.875457902810256 69.0083776783626 0.7601752201529233 0.09920617185452622 0.020659471677558126 0.00037208311101206645 0.005615478674555931 0.0 0.011545601456461873
56.64 5.868121225170755 79.89079911868774 9.005220370232937 1.875243616270289 69.00835174979557 0.7601753245347309 0.09919880918582094 0.02065712176043241 0.00037208480493470516 0.005652868786552749 0.0 0.011560717997358833
57.6 5.867927443261621 79.8899122188742 9.004566761293542 1.8750354339091617 69.00832658957505 0.7601754259503652 0.09919165862376496 0.020654838772192204 0.00037208645998915564 0.005689181735685089 0.0 0.011575404044366243
58.56 5.867739453615264 79.88905073683854 9.003931918162886 1.8748331633383328 69.00830217109053 0.7601755244957414 0.09918471333278996 0.02065262060428668 0.0003720880778260489 0.005724452237282973 0.0 0.011589673161683705
59.52 5.867557038872993 79.88821379066255 9.003315187274247 1.8746366030210455 69.00827846746746 0.7601756202660178 0.09917796616492291 0.02065046504746134 0.00037208966023272194 0.005758716590945767 0.0 0.01160353955939514
60.48 5.867380310003938 79.88740190973101 9.002716957746006 1.8744458789489555 69.00825549301001 0.7601757132002723 0.09917142137869253 0.02064837348385386 0.00037209120401426914 0.0057919531730988814 0.0 0.011616994361120764
61.44 5.867208474308484 79.88661161165126 9.00213465911578 1.8742601804141341 69.00823314628246 0.7601758036926719 0.09916505085624121 0.02064633702412953 0.0003720927166122401 0.005824304775220869 0.0 0.011630094731390322
62.4 5.8670419271385 79.88584472594806 9.001569638578633 1.8740799384426234 69.00821147869351 0.7601758915327392 0.09915886933717633 0.02064436039545062 0.0003720941944518737 0.005855696546673488 0.0 0.011642810279793428
63.36 5.866880308057563 79.88509984712005 9.001020853643427 1.8739048339926037 69.0081904461745 0.7601759768747501 0.09915286542157953 0.02064244010084916 0.0003720956412101734 0.005886186377946946 0.0 0.011655163479068155
64.32 5.8667235056286025 79.88437625526234 9.00048777891671 1.8737346897505807 69.00817003150209 0.7601760598057231 0.09914703335839915 0.020640574194744493 0.00037209705215689886 0.005915803480132323 0.0 0.011667166876859767
65.28 5.866571001368126 79.88367183891275 8.999968851290523 1.8735690214889056 69.00815017040686 0.7601761405595302 0.09914135605200469 0.020638757368693486 0.00037209843712011936 0.005944634667322216 0.0 0.011678854590433309
66.24 5.866423756973345 79.88299095128146 8.999467279558148 1.8734088499625035 69.00813098680797 0.760176218641266 0.09913586860770449 0.020637000816750777 0.0003720997851426048 0.005972501667670428 0.0 0.01169015465009526
67.2 5.86628059440206 79.88232837512777 8.998979214332165 1.8732529578756336 69.00811232983122 0.7601762946407131 0.09913052891538246 0.02063529119068215 0.00037210110606290846 0.00599961832673263 0.0 0.011701152883130625
68.16 5.866141483210696 79.88168394717333 8.998504535552497 1.8731013062722328 69.00809419520701 0.7601763685774928 0.09912533566172471 0.020633628063334943 0.0003721024002395166 0.006025991316169837 0.0 0.011711852048163421
69.12 5.8660060463572545 79.88105588907575 8.99804193397036 1.8729534756741826 69.00807653322126 0.760176440655323 0.09912027452245149 0.02063200683428018 0.0003721036611613232 0.00605169338099037 0.0 0.011722281735586367
70.08 5.865875363027853 79.88044937290574 8.997595214465598 1.872810691154912 69.00805948627237 0.7601765102787944 0.09911538712961664 0.020630440940047366 0.000372104905046022 0.006076513100000036 0.0 0.01173235554390258
71.04 5.865748016575747 79.87985788304064 8.997159576466345 1.8726714213671087 69.00804287028278 0.7601765781910859 0.09911062096252704 0.0206289135869077 0.0003721061186105651 0.006100717188929624 0.0 0.011742181454133409
72.0 5.86562429734778 79.8792827016628 8.996735965623927 1.872535965802285 69.00802672236946 0.7601766442476653 0.09910598636663606 0.02062742805913192 0.0003721073068793285 0.006124253113252468 0.0 0.011751738366906192
72.96 5.865504151387438 79.87872366153567 8.996324256439003 1.8724042888717831 69.00801103636823 0.7601767084654645 0.09910148197076406 0.02062598396705951 0.0003721084708790956 0.006147127836057624 0.0 0.011761028784647057
73.92 5.8653878763446885 79.8781822607676 8.995925549241928 1.8722767485808611 69.0079958521286 0.7601767706689047 0.09909711981582979 0.020624585237731887 0.00037210960715789533 0.0061692802088971765 0.0 0.01177002744606003
74.88 5.865274476848747 79.87765379740725 8.995536382899983 1.8721522345826294 69.00798103891681 0.7601768313995002 0.09909286203345805 0.020623219693698003 0.0003721107246243371 0.006190902541184076 0.0 0.01177881267786572
75.84 5.865164448748995 79.87714066495992 8.99515851759356 1.8720313145520306 69.00796666251257 0.7601768903806404 0.09908872788316164 0.02062189356126323 0.0003721118179111522 0.006211897027081003 0.0 0.011787344434778068
76.8 5.865057603711389 79.87664202285852 8.99479133335315 1.8719137922561462 69.00795269850083 0.7601769477071711 0.09908471058299588 0.020620604688662773 0.0003721128891750017 0.006232298107402723 0.0 0.011795636555501464
77.76 5.8649538479916385 79.87615745239289 8.994434521064944 1.87179956995042 69.00793913500485 0.7601770034272661 0.0990808067515259 0.02061935200413804 0.00037211393675689176 0.006252122955042162 0.0 0.011803695935162527
78.72 5.864853537516589 79.87568864294946 8.994089324057516 1.871689047384873 69.00792601842582 0.7601770573450414 0.09907702999276151 0.020618139892043405 0.0003721149634672085 0.006271302484753882 0.0 0.011811494380487324
79.68 5.864756331224214 79.87523403596565 8.993754593480512 1.871581858673053 69.00791330484756 0.7601771096391766 0.09907336773800923 0.02061696433996897 0.00037211596636903596 0.0062899005247283755 0.0 0.011819057695414746
80.64 5.864661779935517 79.87479159024292 8.993428824953476 1.8714775251738356 69.00790093597345 0.76017716054232 0.09906980352932733 0.020615820099022637 0.00037211695041393573 0.006308000652894547 0.0 0.011826419632811419
81.6 5.864569578939154 79.87435983215036 8.993110934493682 1.8713756975011984 69.00788887146155 0.7601772102255349 0.09906632550623184 0.020614703337208693 0.00037211791706339006 0.006325663102035166 0.0 0.011833604845401316
82.56 5.864480102336179 79.87394062944342 8.992802294180963 1.8712768211617976 69.00787716157765 0.7601772584708709 0.09906294868284551 0.020613618941253836 0.00037211886573519876 0.00634281162460843 0.0 0.011840581896809239
83.52 5.864393268353796 79.87353354694416 8.9925025849597 1.8711807915854253 69.00786579474897 0.7601773053289914 0.09905966956774041 0.0206125657640657 0.00037211979640046453 0.0063594639523550335 0.0 0.011847358173272898
84.48 5.864308919240704 79.87313785798978 8.992211271201738 1.8710874379278142 69.00785475074352 0.7601773508840929 0.0990564823009093 0.020611541932100696 0.00037212070616393227 0.00637564984503307 0.0 0.011853945725910892
85.44 5.864227041290915 79.87275355589284 8.991928346689258 1.8709967612249359 69.00784402805093 0.7601773951342199 0.09905338681563479 0.020610547457120498 0.00037212160023952957 0.006391369640473442 0.0 0.0118603444748352
86.4 5.864147496531237 79.87238001737504 8.991653351609457 1.870908615417746 69.00783360922794 0.7601774381516841 0.09905037808154617 0.02060958073746274 0.0003721224761016139 0.006406648885159312 0.0 0.011866564720954575
87.36 5.864070234936427 79.87201701581074 8.991386119052143 1.8708229475771472 69.00782348747505 0.7601774799611787 0.09904745427286789 0.020608641192735037 0.0003721233365872151 0.006421496850733062 0.0 0.011872610198014475
88.32 5.863995248776405 79.87166453529541 8.99112663665714 1.8707397548901095 69.00781366205831 0.7601775205643398 0.09904461525485539 0.020607728792260572 0.0003721241814676196 0.006435914221812454 0.0 0.011878481103727282
89.28 5.863922400234739 79.87132186660213 8.99087438369077 1.8706588674957545 69.00780411431052 0.760177560044721 0.09904185532911003 0.020606841672797933 0.00037212500785558766 0.0064499299382319965 0.0 0.011884189430354946
90.24 5.863851964029679 79.87099049566531 8.990630449138756 1.8705806443015638 69.00779488234159 0.7601775982256982 0.09903918641395441 0.020605983771824682 0.0003721258185298058 0.006463483472213566 0.0 0.011889709836140329
91.2 5.863783444783442 79.87066791971148 8.990392994966284 1.8705044874539718 69.00778589913892 0.7601776353997585 0.09903658839630926 0.020605148531464123 0.00037212661578921353 0.006476676967114797 0.0 0.011895084515766978
92.16 5.863716685744028 79.87035347699612 8.990161532047486 1.8704302438690894 69.00777714512515 0.7601776716414711 0.09903405592598308 0.020604334273277534 0.00037212739872008037 0.006489537591992819 0.0 0.011900324256841273
93.12 5.863652249232904 79.87004988633286 8.989938059781483 1.8703585585950229 69.00776869481378 0.7601777066357538 0.09903161088010386 0.020603548072238995 0.00037212816619821177 0.0065019542476501815 0.0 0.01190538355476871
94.08 5.863589228199449 79.86975282940253 8.989719400783814 1.8702884100210473 69.0077604286424 0.7601777408813487 0.09902921849375886 0.02060277872368762 0.0003721289225446434 0.006514103481392945 7.11648968206615e-25 0.011910334471908843
95.04 5.86352814160548 79.86946478077863 8.989507375555178 1.870220383827905 69.00775241513941 0.7601777740924083 0.09902689868570907 0.02060203265119398 0.00037212966511585287 0.006525884140030349 1.9366603655197755e-22 0.011915135698158512
96.0 5.863468800950435 79.86918482634073 8.98930131194027 1.870154263168767 69.0077446291373 0.7601778063742478 0.09902464410157094 0.02060130747641135 0.00037213039409284796 0.006537333571654602 0.0 0.011919802532347553
