time_d pH Ptot_atm pH2_atm pCO2_atm pCH4_atm CH4_g_mol H2_g_mol CO2_g_mol SO4 Formate Acetate Ca
0.0 7.0 3.2082919624650885 0.0 3.2082919624650885 0.0 0.0 0.0 0.0 0.0003699999999999998 0.0 9.99999999999999e-07 0.0041
0.96 5.834373328543896 80.57594845075096 9.1103894098125 2.4054929204110262 69.05899226653504 0.7622278225648517 0.10055449775105017 0.02655025175928168 0.0003711618575541794 0.00012297272534733032 1.7389192394367604e-11 0.010370004965340202
1.92 5.8332157428397 80.57121364947385 9.106876859142941 2.4044268753198867 69.05883590505498 0.7622283338796073 0.10051602353581043 0.026538563343720737 0.0003711698794836381 0.00031836889350162075 1.2234480680225786e-17 0.01044509059274326
2.88 5.832098627943408 80.56661452265826 9.103466205495575 2.403389360449984 69.05868479654352 0.7622288318054575 0.10047866436546189 0.026527187275374006 0.00037117772736358417 0.000508101945621805 3.37323494599796e-22 0.010518168296709277
3.84 5.831019714840415 80.5621445200249 9.100152470663751 2.4023790929886335 69.05853865142117 0.7622293169330523 0.10044236581242577 0.026516109532891217 0.00037118540921760257 0.0006924483098871426 2.3566592140414237e-23 0.010589328263318753
4.8 5.82997771026267 80.55780091031617 9.096933518162416 2.401395636690449 69.05839731095483 0.7622297894451642 0.10040710456860982 0.026505325373917067 0.0003711929249030793 0.0008715263698740777 0.0 0.010658601060252957
5.76 5.828971751478227 80.55358252012172 9.093808375758334 2.400438891936286 69.05826067344165 0.7622302493649822 0.10037287007134646 0.026494833743899302 0.00037120027221504773 0.0010453897822680555 0.0 0.010725993574919634
6.72 5.827999674580093 80.54948262357617 9.090771962959385 2.399507491453582 69.05812846046415 0.7622306973264826 0.10033960674942366 0.02648461968534366 0.00037120745861899816 0.0012143207824878656 0.0 0.010791601978864983
7.68 5.827060236950073 80.54549819151995 9.087821946043027 2.3986008944724775 69.05800051716353 0.7622311335690335 0.10030728911533861 0.026474677301410354 0.0003712144859900226 0.0013784488220302978 0.0 0.010855464236188574
8.64 5.826152623498811 80.54162769324468 9.084957111202492 2.397718881343104 69.0578767461575 0.762231558177486 0.1002759039394288 0.026465004212649586 0.0003712213521711561 0.001537841102789251 0.0 0.010917595738432751
9.6 5.825276048352806 80.53786994272265 9.082176495295881 2.3968613211800456 69.05775705531698 0.7622319711962833 0.10024544074359339 0.026455599015045326 0.0003712280599989069 0.0016925508470287678 0.0 0.01097800556417045
10.56 5.824427877161839 80.53421529338642 9.079472893176494 2.396026121380282 69.05764109545692 0.7622323736158931 0.10021582065010895 0.02644643878321187 0.00037123461309241914 0.0018429786554996451 0.0 0.011036841060597605
11.52 5.8236080992049875 80.53066527811131 9.076847374543892 2.395213734802777 69.05752887687515 0.7622327652026537 0.10018705543266732 0.026437528507431356 0.0003712410164590952 0.001989064748131635 0.0 0.011094070271057497
12.48 5.822815247302757 80.52721540258885 9.07429654479463 2.3944232486351007 69.05742021246554 0.7622331463816732 0.10015910796070887 0.026428858201859237 0.00037124727140788115 0.002130997701806464 0.0 0.011149757370431513
13.44 5.822048583417085 80.52386385702064 9.07181901039023 2.3936543379884974 69.05731501074465 0.7622335172950739 0.10013196301469539 0.026420424323602032 0.0003712533787688158 0.002268854822228723 0.0 0.01120392519899805
14.4 5.821307663341719 80.52061019153356 9.069414380884767 2.39290699224231 69.05721322283185 0.762233877934469 0.10010561636536665 0.02641222677713749 0.00037125934235735354 0.0024026575980300537 0.0 0.01125657443263926
15.36 5.820591613582411 80.51745182199713 9.067080698119971 2.392180697156558 69.05711473686745 0.7622342285374427 0.1000800466014656 0.026404259940089797 0.0003712651484957732 0.0025325147810965495 0.0 0.011307741263636813
16.32 5.819898836884249 80.51438304307057 9.064813695855934 2.3914742224846224 69.05701934377376 0.7622345696854989 0.10005520702180079 0.026396510336196857 0.00037127081844975723 0.002658663554112271 0.0 0.011357512290720757
17.28 5.819228053385673 80.51139953950047 9.062610136359822 2.3907866555518873 69.05692687852316 0.7622349018079785 0.1000310621926982 0.02638896797202536 0.0003712763626206193 0.00278128387439841 0.0 0.011405951725254005
18.24 5.818578374516662 80.5084982242401 9.060467705699352 2.3901173399155415 69.0568372243191 0.7622352252136424 0.10000758679071287 0.02638162565951671 0.0003712817750788417 0.0029005043613970992 0.0 0.011453105811351401
19.2 5.817949546168192 80.5056790468337 9.058386326664708 2.389466328842358 69.05675035460526 0.7622355398671761 0.09998478000445209 0.02637448399767235 0.00037128705665702297 0.0030163291435375984 0.0 0.01149897074737814
20.16 5.817341043573207 80.50294063846472 9.056364951733265 2.3888333650071387 69.0566662053348 0.7622358458842242 0.09996263038681007 0.026367540176977834 0.0003712922084259349 0.0031288163643859277 0.0 0.01154356462650458
21.12 5.81675248433714 80.50028223265748 9.054402980634269 2.3882183281238802 69.0565847305298 0.7622361433160135 0.09994113139140674 0.02636079289083789 0.00037129723060468414 0.003237999278927628 0.0 0.011586895886331293
22.08 5.81618248248837 80.49769852154961 9.052496461462072 2.3876200455822176 69.05650574665427 0.762236432720821 0.09992023974292043 0.02635422928753995 0.00037130213298125004 0.0033440976680712757 0.0 0.011629047091268677
23.04 5.815630450972337 80.49518756171223 9.05064393378824 2.3870381106299883 69.05642917737684 0.7622367142895594 0.09989993946232711 0.02634784491480123 0.000371306914759897 0.003447192691140967 0.0 0.011670046886755452
24.0 5.815095883011749 80.49274789003493 9.048844288027382 2.386472232534296 69.05635495983171 0.7622369881557565 0.09988021841604913 0.02634163659386024 0.0003713115802440623 0.0035473459746620463 0.0 0.011709915716082653
24.96 5.8145792632018525 80.49038246594164 9.0470996803487 2.385923141160796 69.05628316746406 0.7622372539599009 0.09986110025551623 0.026335612342072667 0.0003713161227882088 0.003644437412693743 0.0 0.011748602137220815
25.92 5.814078351523518 80.48808170096537 9.045403015039467 2.385388649543259 69.05621349418914 0.7622375127553 0.09984250724433612 0.026329748174497788 0.0003713205564179455 0.0037388617966520993 0.0 0.011786260205042256
26.88 5.813593030987726 80.48584567987352 9.043754332243223 2.384868813079023 69.05614592921268 0.7622377645095523 0.09982443984144358 0.02632404470702581 0.00037132488033436885 0.003830616802515676 0.0 0.011822885999423183
27.84 5.813123526000985 80.48367607878036 9.042154845619065 2.3843640580101466 69.05608050877122 0.762238009011738 0.09980691136723448 0.026318506624623456 0.00037132909198083543 0.003919634789079979 0.0 0.011858449467492337
28.8 5.8126680301643425 80.48156520684405 9.040598862423753 2.383872631342073 69.05601698752088 0.7622382471052607 0.09978985945469394 0.0263131147017988 0.00037133320675657465 0.004006232490412468 0.0 0.011893074077384496
29.76 5.812227632205802 80.47951853631693 9.039090401078731 2.3833958324474023 69.05595552005747 0.76223847815735 0.0997733281563637 0.02630788320130672 0.000371337210311537 0.004090186195064788 0.0 0.011926668292595614
30.72 5.811800823858325 80.47752960625034 9.037624680687072 2.3829321866625817 69.05589590079282 0.7622387028781163 0.09975726509449949 0.026302795949844634 0.0003713411136372323 0.004171761907083227 0.0 0.011959335986158058
31.68 5.811386444743528 80.47559354331855 9.036198091824977 2.382480587116438 69.05583797254167 0.7622389217999155 0.09974163072829129 0.026297840809038027 0.0003713449278800317 0.004251160436946383 0.0 0.011991155112977124
32.64 5.810984925460528 80.47371275010919 9.034812391091759 2.382041616449968 69.0557817987038 0.7622391346370608 0.09972644432114504 0.026293024177022287 0.00037134864708674077 0.004328283962053967 0.0 0.012022084621744707
33.6 5.81059636043571 80.47188804912258 9.033468171270366 2.3816154882907417 69.05572739537811 0.7622393412831122 0.09971171238197232 0.026288348402922053 0.0003713522665433499 0.0044030994332301945 0.0 0.012052109460431394
34.56 5.810219581639486 80.47011447106732 9.032161754458487 2.3812010695181955 69.05567460414092 0.7622395422825472 0.09969739461691225 0.026283801059363773 0.0003713557983423736 0.0044758114832533676 0.0 0.012081309429835143
35.52 5.809854570567665 80.46839225197274 9.030893303308451 2.380798433572751 69.05562342492422 0.7622397375991669 0.0996834928192097 0.026279382956528572 0.0003713592399396884 0.004546411011661917 0.0 0.012109679356451552
36.48 5.809500783635381 80.46671919622767 9.029661188280432 2.3804070872430576 69.05557378479442 0.7622399274674752 0.09966998914041073 0.026275088686978046 0.0003713625950766939 0.00461498866401323 0.0 0.012137253977433675
37.44 5.8091578357181 80.46509376579255 9.02846426685803 2.3800266866576556 69.05552563204826 0.7622401120528712 0.09965687106790516 0.026270914481129812 0.00037136586411109476 0.00468160799032057 0.0 0.01216405752127607
38.4 5.808825548819871 80.46351560424402 9.027302261076013 2.3796571733568146 69.05547894666044 0.762240291380467 0.09964413556791264 0.026266859702899357 0.00037136905402105567 0.004746284398382148 0.0 0.012190094067958563
39.36 5.808503131966722 80.46198098922841 9.026172427688483 2.3792976799145125 69.05543361684765 0.762240465871066 0.0996317525785677 0.02626291483520024 0.000371372160724135 0.00480917056412988 0.0 0.012215424772077117
40.32 5.808190825340812 80.46049165427777 9.02507602492081 2.3789486415905827 69.0553896826825 0.7622406353090038 0.09961973590424449 0.026259084660432523 0.0003713751929911144 0.004870196380518378 0.0 0.01224001890423287
41.28 5.807887475534147 80.45904212270162 9.024009018969917 2.3786087781170155 69.0553469813973 0.7622408003147547 0.09960804133714832 0.02625535513071764 0.0003713781510822222 0.004929586361139323 0.0 0.01226396670222276
42.24 5.80759357959749 80.45763513476359 9.022973415594878 2.3782787506104146 69.05530558644104 0.7622409605652533 0.09959669087053237 0.02625173350497744 0.0003713810348929529 0.004987228815884996 0.0 0.012287221559815221
43.2 5.80730922497565 80.45627118437835 9.021969574781496 2.3779586803247095 69.05526551049967 0.7622411160011722 0.09958568845380461 0.026248221115377886 0.00037138383699042286 0.005043103694365344 0.0 0.01230977496035842
44.16 5.807033192512418 80.45494489528987 9.020993525613466 2.377647328644899 69.05522658668797 0.76224126721882 0.09957499057526138 0.0262448043742752 0.00037138657330405893 0.0050974319649987575 0.0 0.012331714120287938
45.12 5.806765142321391 80.45365470424456 9.020044114736274 2.377344333388628 69.05518876724521 0.7622414143954792 0.09956458459775806 0.026241479308635792 0.00037138924509755403 0.005150277810248599 0.0 0.01235306457616786
46.08 5.8065056173171135 80.45240339767562 9.019123386701821 2.377050358299309 69.05515213037769 0.7622415572056478 0.09955449293537941 0.02623825320446264 0.0003713918445758526 0.005201527404341388 0.0 0.012373779564629088
47.04 5.806253517598106 80.45118591106319 9.018227607560027 2.3767642256627552 69.05511652308695 0.7622416962218582 0.0995446746687878 0.026235113140174682 0.0003713943831609056 0.0052513885549014955 0.0 0.012393942047895594
48.0 5.806008841075435 80.4500024070674 9.017356891388447 2.376485982758039 69.0550819466749 0.7622418314185884 0.09953513105327988 0.02623205963669694 0.0003713968608170712 0.0052998548883387946 0.0 0.012413548690415319
48.96 5.805771450278612 80.44885236429359 9.016510849726378 2.3762155146286417 69.05504838314569 0.7622419628501466 0.09952585783486723 0.026229091434114782 0.00037139927633246837 0.005346948010837357 0.0 0.012432607592557753
49.92 5.8055416651654195 80.4477374948147 9.01569073699845 2.375953232477875 69.05501587898385 0.7622420903172601 0.09951686876839272 0.02622621304723571 0.00037140162807745397 0.005392598072488796 0.0 0.012451089778594826
50.88 5.805318745194931 80.44665434544429 9.01489400834001 2.375698331196874 69.05498433088071 0.7622422142090444 0.09950813596404565 0.02622341564214444 0.000371403920734434 0.00543694671042132 0.0 0.012469051971786242
51.84 5.805102130033485 80.44560035061768 9.014118771812717 2.3754502150248014 69.05495366089825 0.7622423348139964 0.09949963868874201 0.026220692682387234 0.00037140616025299 0.005480099217045871 0.0 0.012486536140830807
52.8 5.804891950143559 80.44457626250843 9.013365576654738 2.3752090671259043 69.05492388882331 0.7622424520413351 0.09949138296585028 0.02621804617952049 0.00037140834467415775 0.005522025005023261 0.0 0.01250352938008125
53.76 5.80468828285254 80.44358262367491 9.012634817030618 2.3749750236309586 69.05489502692737 0.7622425658264842 0.09948337312106542 0.02621547762955921 0.0003714104743575308 0.005562702108636988 0.0 0.012520022087370263
54.72 5.80449122839053 80.44261987260451 9.011926815946525 2.3747481864911055 69.05486708875418 0.762242676117218 0.09947561269421487 0.026212988151200437 0.0003714125432326489 0.0056021125549219515 0.0 0.012536007110195984
55.68 5.80429982822115 80.44168370877635 9.011238400171305 2.374527560037981 69.05483994255663 0.7622427833964612 0.09946806691201143 0.026210566820864336 0.00037141456514097344 0.005640432933373308 0.0 0.01255155454736465
56.64 5.8041139653650085 80.44077350430875 9.010569108860663 2.3743129945682724 69.05481357098644 0.7622428877369467 0.09946073072291829 0.026208211995479746 0.0003714165403099831 0.005677688901697448 0.0 0.012566674973050654
57.6 5.803933911196878 80.43989063889738 9.009919954865367 2.3741048184037883 69.05478801260125 0.7622429889783533 0.09945361523097868 0.02620592727910027 0.00037141846085811815 0.005713824071381507 0.0 0.012581345262080082
58.56 5.80375866701308 80.43903043274746 9.009287490870612 2.373901938048534 69.05476312828758 0.7622430876504803 0.09944668265415664 0.02620370067273439 0.00037142034102265973 0.005749030312821511 0.0 0.012595642432986632
59.52 5.803588743504223 80.43819540557423 9.008673568783308 2.373704949061016 69.05473899036049 0.7622431834658936 0.09943995329331914 0.026201538713184296 0.00037142217490214056 0.005783204533800672 0.0 0.012609524535741533
60.48 5.8034236888197475 80.43738340466444 9.008076603659914 2.3735133470892897 69.05471553534439 0.7622432766669905 0.09943340977689324 0.026199435865852112 0.00037142396428107427 0.005816434954029349 0.0 0.012623027106839916
61.44 5.80326417725094 80.43659781158581 9.00749907947493 2.373327933550672 69.05469285950058 0.7622433668644462 0.09942707933474293 0.02619740092723444 0.0003714257051561383 0.005848583292008091 0.0 0.012636093682503517
62.4 5.803109289635613 80.43583426464174 9.006937785025865 2.373147686636279 69.05467083402533 0.762243454553818 0.09942092677150292 0.026195422684441475 0.00037142740445071605 0.005879828282186714 0.0 0.012648796238449958
63.36 5.80295880104815 80.43509168033657 9.00639192288309 2.3729723521559416 69.0546494270141 0.7622435398586543 0.09941494334737944 0.026193498348124705 0.00037142906426959355 0.005910214310195086 0.0 0.01266115269033589
64.32 5.802812337109089 80.43436824280701 9.005860157010236 2.3728015030798306 69.05462858562184 0.7622436229869257 0.09940911441859991 0.026191623231995486 0.00037143068805154045 0.00593981574411612 0.0 0.012673193129540123
65.28 5.802670546917348 80.43366723835015 9.005344900702026 2.372635919548123 69.05460840279297 0.7622437035579097 0.09940346644056636 0.026189805899183644 0.0003714322699095262 0.005968498233911191 0.0 0.012684862585264824
66.24 5.802532937332858 80.43298628462159 9.004844400932866 2.372475041526189 69.05458880918005 0.7622437818445601 0.0993979801989703 0.026188040203783014 0.00037143381372130004 0.005996359358236845 0.0 0.012696200515478219
67.2 5.80239894729288 80.43232267349944 9.004356665478744 2.3723182325636816 69.05456972526363 0.7622438581553108 0.09939263385786078 0.026186319161233294 0.0003714353251821147 0.006023510007987416 0.0 0.012707251758265727
68.16 5.802269387971954 80.43168035907189 9.00388460183727 2.372166424752811 69.054551265646 0.7622439320367059 0.09938745928730203 0.026184653001313087 0.00037143679370565724 0.006049788338135879 0.0 0.012717950661622872
69.12 5.802143669975229 80.43105657291689 9.003426170978521 2.372018970612437 69.05453334833996 0.7622440038033228 0.09938243413946599 0.026183034619030456 0.00037143823037458803 0.006075307838168265 0.0 0.012728342825279442
70.08 5.802021581125891 80.43045050830699 9.0029807733836 2.3718756903088924 69.0545159459415 0.7622440735415111 0.09937755184764126 0.026181462042761495 0.00037143963320206955 0.006100101853459608 0.0 0.012738440883919795
71.04 5.801903042681835 80.42986150125333 9.00254792821885 2.3717364155272436 69.05449904360296 0.7622441413341278 0.09937280713655079 0.02617993342310019 0.0003714410035013998 0.006124197179628932 0.0 0.012748256751590144
72.0 5.801788002917098 80.42928943303222 9.002127544261773 2.371601124331851 69.05448263575087 0.7622442071912305 0.09936819900906144 0.026178448520546363 0.0003714423413919418 0.0061475988794500586 0.0 0.012757791955827815
72.96 5.8016765205467475 80.42873463418377 9.001719863257952 2.37146989685542 69.05446673105438 0.7622442710735372 0.09936373011624143 0.02617700821505011 0.00037144364588968874 0.0061702934904367835 0.0 0.01276704085026609
73.92 5.801567941900968 80.42819394258991 9.001322559147203 2.3713419892084446 69.05445123726128 0.7622443333424684 0.0993593749624012 0.02617560434278237 0.0003714449241185284 0.006192410488152876 0.0 0.012776055836382095
74.88 5.80146268762373 80.4276693956324 9.000937130326419 2.371217881219778 69.05443621358158 0.7622443937646907 0.09935514997190846 0.02617424216985212 0.00037144617113736756 0.006213866465930141 0.0 0.012784803122626757
75.84 5.801360519754793 80.42715990350491 9.000562773325267 2.3710973193109837 69.05442162722673 0.7622444524633838 0.09935104633931974 0.02617291891393319 0.00037144738961873133 0.006234706140428569 0.0 0.012793300563584489
76.8 5.801261457046066 80.42666556925695 9.000199563475727 2.370980328499935 69.05440748089882 0.7622445094261577 0.09934706489087951 0.026171634849799508 0.00037144857918392106 0.006254925316460115 0.0 0.012801546399859467
77.76 5.801165114810739 80.4261845219479 8.999846124822739 2.370866468243748 69.05439372010589 0.7622445648668926 0.09934319054475457 0.026170385142626512 0.0003714497433940361 0.006274600584710228 0.0 0.012809571666652943
78.72 5.801071253366833 80.42571556043498 8.999501574800489 2.370755454157735 69.05438031062523 0.762244618924391 0.09933941362647551 0.026169166671109263 0.00037145088442282307 0.006293781076532607 0.0 0.012817396405862543
79.68 5.800980516546111 80.42526193393455 8.999168299590469 2.3706480570698374 69.05436734474537 0.7622446712231523 0.09933576029396918 0.026167987896090764 0.0003714519962300722 0.0063123339532307355 0.0 0.012824966305365584
80.64 5.8008921875745045 80.42482007630213 8.998843678791655 2.3705434335089075 69.05435472010294 0.762244722173259 0.09933220182317395 0.026166839559948772 0.0003714530854925246 0.0063304050857031224 0.0 0.012832340794648952
81.6 5.800806760708876 80.42439252995615 8.998529578160504 2.370442188644168 69.05434250825279 0.7622447714801873 0.09932875866786728 0.026165728305606976 0.00037145414733533394 0.006347890602478055 0.0 0.01283947722663282
82.56 5.800723449634217 80.42397531140793 8.998223072601801 2.3703433771974973 69.05433059598023 0.7622448196036806 0.09932539876263595 0.02616464375743699 0.00037145519042634605 0.006364953343777617 0.0 0.012846442214664109
83.52 5.800642877085616 80.4235715832922 8.997926483976206 2.3702477502170622 69.05431907308997 0.7622448661788225 0.09932214756058301 0.02616359415934161 0.0003714562072556211 0.006381464050517902 0.0 0.012853182837764274
84.48 5.800564587798656 80.42317917855853 8.997638217529916 2.3701547993832 69.05430787554624 0.7622449114515271 0.09931898758235856 0.02616257393297815 0.00037145719964186126 0.006397511486925657 0.0 0.012859734893523772
85.44 5.800488623544804 80.42279810666456 8.997358285184427 2.370064518564338 69.05429700702396 0.7622449554263003 0.09931591895511689 0.026161583009523134 0.0003714581695815984 0.006413095011553893 0.0 0.012866098852350301
86.4 5.800414827756104 80.42242788976607 8.997086327947857 2.369976807639898 69.0542864487685 0.7622449981502317 0.09931293774933732 0.02616062029254084 0.00037145912860273646 0.006428234575059265 0.0 0.012872281716178534
87.36 5.80034330547291 80.42206882154883 8.996822567512062 2.369891726498545 69.0542762129009 0.7622450395950897 0.09931004639114455 0.026159686437583252 0.00037146005439926254 0.006442917861170247 0.0 0.01287827931068077
88.32 5.800273540060617 80.42171842903507 8.996565184189452 2.369808694228169 69.05426622697641 0.7622450800433108 0.09930722493527944 0.026158775069510642 0.00037146096794824884 0.006457246157075511 0.0 0.012884132545274492
89.28 5.800205980515582 80.42137896265838 8.99631583100914 2.3697282441066876 69.0542565551786 0.7622451192353046 0.09930449150245148 0.026157892041649512 0.0003714618604750019 0.006471127440339945 0.0 0.012889803850007053
90.24 5.800140381113469 80.42104920036931 8.996073609992544 2.3696500871020785 69.0542471624374 0.762245157311604 0.09930183624927943 0.0261570341816944 0.00037146273427822316 0.006484611699092738 0.0 0.012895313589264804
91.2 5.8000765672815735 80.42072829043657 8.995837894867938 2.3695740224972925 69.05423802398788 0.7622451943702053 0.09929925231123159 0.026156199286827567 0.0003714635908641457 0.006497733793716434 0.0 0.012900675902318148
92.16 5.800014432539663 80.42041568311996 8.995608281971062 2.3694999193498467 69.05422912468325 0.7622452304748073 0.0992967352626412 0.02615538591961865 0.0003714644314070341 0.006510516200038778 0.0 0.012905900020174816
93.12 5.799954508549923 80.42011408552123 8.995386758995807 2.369428421066657 69.05422054059166 0.7622452653108583 0.0992943068941205 0.02615460114262449 0.0003714652509669044 0.006522848257291438 0.0 0.012910940605099515
94.08 5.7998963551557905 80.41982128928598 8.995171703608024 2.369359004321728 69.05421220896301 0.7622452991340061 0.09929194942140773 0.026153839211772178 0.00037146605343543667 0.006534820280512707 0.0 0.012915834530482458
95.04 5.799839710050704 80.41953603296568 8.994962187847271 2.369291372564835 69.05420409282564 0.762245332088075 0.0992896526732178 0.026153096872555754 0.0003714668431108491 0.006546483921966903 0.0 0.01292060268151165
96.0 5.799784514567886 80.41925788151036 8.99475789570196 2.3692254168123763 69.0541961821186 0.7622453642270267 0.09928741318290435 0.026152372927677126 0.00037146761489146977 0.006557856789167282 0.0 0.012925252763349014
