time_d pH Ptot_atm pH2_atm pCO2_atm pCH4_atm CH4_g_mol H2_g_mol CO2_g_mol SO4 Formate Acetate Ca
0.0 7.0 4.245340523177418 0.0 4.245340523177418 0.0 0.0 0.0 0.0 0.00037000000000000016 0.0 9.999999999999995e-07 0.0040999999999999995
0.96 5.759128766309219 81.45363836824814 9.119594778720918 3.2034510765399316 69.12961744053818 0.7655133976993032 0.10098670068150443 0.035473720364110964 0.0003711198162147022 8.158822203952829e-05 6.871612473313989e-12 0.011375097122834325
1.92 5.7580473419771385 81.44885819704702 9.11605744688703 3.202373194313263 69.12945236862404 0.7655139125749497 0.10094783864639069 0.035461892861975194 0.0003711279849325237 0.00027895321657214316 1.6190310808809053e-17 0.0114508709926305
2.88 5.757005926936696 81.44421149100175 9.112620617369863 3.201322577504071 69.129292998703 0.765514414812864 0.10091007931246787 0.03545036370602574 0.00037113601238649097 0.0004707181038407889 2.3064466115472766e-23 0.011524734749451274
3.84 5.756000342763901 81.43969903964908 9.109284162770367 3.200300564309833 69.1291389089192 0.7655149036397837 0.10087342180392815 0.03543914790174809 0.00037114385703008903 0.0006568869680365784 0.0 0.011596589488175593
4.8 5.755029392157868 81.43531786645217 9.106045778803402 3.19930664963159 69.12898993197312 0.7655153792723115 0.10083784089572966 0.035428239957200416 0.00037115151885147764 0.0008375879364939887 0.0 0.011666470517049917
5.76 5.7540902365328295 81.4310572577121 9.102897455648838 3.1983385506783595 69.1288456464605 0.7655158427789346 0.10080324866303508 0.03541761486422213 0.00037115900298165044 0.001013267563581301 0.0 0.011734538176382486
6.72 5.753182182318663 81.42691630534036 9.099838428408841 3.197396213293494 69.1287059632553 0.7655162941624414 0.10076963678288252 0.03540727207404882 0.0003711663214386139 0.0011839681309337765 0.0 0.011800796058653041
7.68 5.752304806843643 81.42289503319391 9.096868632532418 3.196479776659307 69.12857083152299 0.7655167333378682 0.10073700461924696 0.035397213154767196 0.0003711734665434031 0.00134969288746603 0.0 0.011865234228093303
8.64 5.7514567290889 81.41898875030967 9.093984533412579 3.1955882855050795 69.1284400500205 0.7655171607452464 0.10070531339709596 0.03538742765593794 0.0003711804371749079 0.0015106387773134663 0.0 0.011927919766885908
9.6 5.750637211026221 81.4151963238118 9.091185205371753 3.194721627701626 69.12831352358317 0.7655175764177128 0.1006745530224295 0.035377914390098776 0.00037118724985620634 0.0016668570693268716 0.0 0.011988860297947206
10.56 5.749844156606422 81.41150943081473 9.088464446344597 3.1938779958348817 69.12819093857554 0.7655179812069266 0.10064465539708708 0.03536865354638131 0.0003711938958460109 0.001818693625253752 0.0 0.012048182855501929
11.52 5.749076470189133 81.40792434152723 9.085819447688882 3.193056628290703 69.12807213533812 0.7655183754648361 0.10061558970920371 0.03535963679226284 0.0003712003874985769 0.001966304942778208 0.0 0.012105940918212757
12.48 5.748334786854227 81.4044455888705 9.08325349094248 3.192258664868693 69.1279572255086 0.7655187586292703 0.10058739207389815 0.035350876670459566 0.00037120672711700073 0.0021095076226386096 0.0 0.012162054212133918
13.44 5.747617306482135 81.40106623710224 9.08076140118973 3.1914826114508386 69.12784594218027 0.7655191314043263 0.10056000567633526 0.03534235680741777 0.00037121289085748836 0.002248590213882401 0.0 0.012216627678229397
14.4 5.746922235371827 81.39777903841463 9.078337785690495 3.190726881728047 69.12773801639904 0.7655194945396334 0.10053337129750728 0.035334059811630125 0.00037121892441098687 0.002383853476364754 0.0 0.012269772790883112
15.36 5.746250025037775 81.39458732970975 9.075985056888435 3.18999231956072 69.12763352880147 0.7655198476177916 0.100507515490824 0.035325994970756114 0.0003712248057519282 0.0025151625710799555 0.0 0.012321430133905726
16.32 5.745599061439306 81.39148462049828 9.073698385369836 3.1892775056013685 69.12753223748363 0.7655201913118032 0.10048238522400324 0.03531814672403713 0.00037123054786899297 0.002642786836224395 0.0 0.012371699433952799
17.28 5.744968920376874 81.388469869039 9.071476964232073 3.188582262337523 69.1274340850687 0.7655205256960823 0.1004579716637807 0.035310513141457674 0.00037123614728627686 0.002766771144877613 0.0 0.012420593128253757
18.24 5.74435892556347 81.38554090372024 9.069319153031293 3.1879061552505954 69.1273389748302 0.7655208509718955 0.10043425681843166 0.03530308947203444 0.00037124160938397337 0.0028872068797458237 0.0 0.012468141697521072
19.2 5.743768979709569 81.38269825743117 9.06722530611292 3.1872493692131436 69.12724690042226 0.7655211670401463 0.10041124461618772 0.03529587776423655 0.00037124692999398264 0.0030040741018007183 0.0 0.012514332075824685
20.16 5.743197224834451 81.37993388403362 9.065189462584858 3.1866101012127532 69.12715757941335 0.765521474760694 0.1003888695758848 0.035288858237389274 0.0003712521248499872 0.003117705367267799 0.0 0.012559291000946665
21.12 5.742644111185143 81.37725065807562 9.063213711903586 3.1859890602966914 69.12707108789 0.7655217737851027 0.10036715468702172 0.03528203869080256 0.00037125718136770216 0.003227983937713173 0.0 0.012602968598083618
22.08 5.742108533308699 81.37464436789826 9.061294911832155 3.1853853386421043 69.1269872641308 0.7655220645416393 0.10034606544954382 0.03527540917540388 0.0003712621204471602 0.003335085024352886 0.0 0.012645428580123078
23.04 5.741589395353912 81.37211000558847 9.059429360799943 3.1847977999914 69.12690593793694 0.7655223475731794 0.10032556119594815 0.03526895722183128 0.0003712669316688088 0.0034392151737048324 0.0 0.012686750914533921
24.0 5.741086590527866 81.36964805545556 9.057617379975273 3.1842266145386917 69.12682710223712 0.7655226227899036 0.10030564548679252 0.0352626847159293 0.0003712716245317503 0.003540356306196504 0.0 0.01272692351938499
24.96 5.7405995020270755 81.36725601453946 9.055857106647634 3.1836712338129733 69.12675066518645 0.7655228904503338 0.10028629786711757 0.03525658564457653 0.0003712761996235003 0.0036386123131163105 0.0 0.012765984967079437
25.92 5.740127903046439 81.36493338907717 9.054148155107798 3.183131580579485 69.12667659593878 0.765523150588379 0.10026751411921929 0.035250659170989435 0.0003712806572301885 0.0037340046233963753 0.0 0.01280394065816958
26.88 5.739671176585297 81.36267794996273 9.052488856470909 3.182607182947035 69.1266048060954 0.7655234034237485 0.10024927592362368 0.035244900126235344 0.0003712850019147291 0.0038266262749499045 0.0 0.012840823699625128
27.84 5.739229224293947 81.36048939237968 9.050878977996272 3.1820979844485557 69.12653528003733 0.7655236489808587 0.10023158073308816 0.035239307895339134 0.0003712892282709249 0.0039164902192239705 0.0 0.01287663812492349
28.8 5.738800411005083 81.3583604195054 9.049313124520797 3.1816023318463453 69.1264677691697 0.7655238880517183 0.10021436926909509 0.035233864334680065 0.00037129335391816693 0.004003897500520002 0.0 0.012911500112835959
29.76 5.738385435873785 81.35629504458997 9.047794228561186 3.181121190872443 69.12640238856203 0.765524120165734 0.10019767378224811 0.0352285800597843 0.0003712973714776958 0.004088684342185199 0.0 0.012945341708432114
30.72 5.737982914003811 81.35428647628507 9.04631729028939 3.1806529886881747 69.12633891939112 0.765524346080095 0.10018143932318622 0.035223437800114776 0.0003713012859773895 0.004171129814317749 0.0 0.012978273591850161
31.68 5.73759280859282 81.35233566763941 9.044882973433296 3.18019800715336 69.12627736910628 0.7655245656499692 0.10016567321608985 0.03521844066782556 0.00037130510948059006 0.004251196713437512 0.0 0.013010275753832621
32.64 5.737214562362914 81.35043971794221 9.0434891465277 3.1797555677239537 69.1262176469507 0.765524779204204 0.10015035203425793 0.035213581210864674 0.00037130883321552386 0.004329004027385064 0.0 0.013041396021108256
33.6 5.736848054954859 81.3485982045564 9.042135491470777 3.179325584051176 69.1261597347248 0.7655249867816509 0.10013547228943705 0.03520885848496969 0.0003713124594708989 0.004404569480075369 0.0 0.013071640495404558
34.56 5.736492803841796 81.34680946616822 9.040820762096441 3.1789077085958417 69.12610356476587 0.7655251885447791 0.10012102030348369 0.035204268684302494 0.00037131599272742565 0.00447796253243294 0.0 0.013101033512190349
35.52 5.736148347896451 81.34507144443083 9.039543435873613 3.178501476250311 69.12604906631711 0.7655253847158501 0.10010697934968812 0.035199806705215275 0.0003713194379084026 0.004549268136197034 0.0 0.013129607785947005
36.48 5.735814147371991 81.34338174126263 9.038301739044325 3.1781063449923894 69.12599615702038 0.765525575553107 0.10009332994047498 0.03519546659979691 0.00037132279892502574 0.00461858526133985 0.0 0.013157401422757915
37.44 5.735490409379371 81.34174166082161 9.037096620649628 3.1777226347891667 69.12594487204544 0.7655257609006881 0.10008008251700759 0.03519125188718083 0.0003713260699234158 0.004685860889570518 0.0 0.013184391917261182
38.4 5.735176144984004 81.3401464805248 9.035924600556838 3.1773492569530912 69.12589505752703 0.7655259412817589 0.10006719883255716 0.035187150613983795 0.0003713292624418584 0.004751289257114656 0.0 0.013210655827066336
39.36 5.734871657057801 81.33859798589938 9.034786982082391 3.1769866436964267 69.12584676349312 0.765526116486992 0.10005469322277985 0.03518316753218135 0.00037133237330014236 0.004814797567024613 0.0 0.013236162746434544
40.32 5.734576297653426 81.33709329585352 9.03368163492778 3.176634142253119 69.12579989184799 0.7655262868276382 0.10004254228079623 0.035179295477767464 0.00037133540291383916 0.004876504688897591 0.0 0.013260958541118466
41.28 5.73429058972491 81.335635054585 9.032610500855034 3.17629237318697 69.12575452451746 0.7655264520032624 0.10003076735471624 0.035175541268282894 0.00037133834857646156 0.004936302217761518 0.0 0.013284999615076658
42.24 5.734013213717371 81.33421702207681 9.031568980689254 3.1759598994733955 69.12571045754657 0.7655266127045358 0.10001931789831474 0.035171889125490075 0.0003713412231856645 0.004994446845263435 0.0 0.01330838697150861
43.2 5.733744099740861 81.33283885351752 9.03055681981874 3.175636642572531 69.12566767926872 0.7655267689702292 0.10000819111589468 0.03516833818798807 0.0003713440256329117 0.005050952776451808 0.0 0.013331126170482073
44.16 5.733483047193781 81.33149992587389 9.029573547775318 3.1753224771109467 69.12562616246936 0.7655269208575424 0.0999973818458159 0.035164887084377164 0.00037134675726841805 0.005105846222837095 0.0 0.01335322597516058
45.12 5.733229634556903 81.33019805312637 9.028617559089243 3.1750168905252907 69.12558583911971 0.7655270686131538 0.09998687244010121 0.0351615301845126 0.0003713494231068779 0.005159216814309345 0.0 0.013374722478640006
46.08 5.7329841917833715 81.32893524941727 9.027690322558662 3.174720372130371 69.12554676528063 0.7655272119988306 0.09997667905454116 0.035158272868478266 0.00037135201830465253 0.0052109825062645375 0.0 0.01339558122489246
47.04 5.732745766570192 81.32770673742705 9.026788325983402 3.174431807204237 69.12550879045759 0.7655273515537172 0.09996676308275494 0.03515510289300966 0.0003713545482872596 0.0052613393600576775 0.0 0.013415880623452421
48.0 5.732514962628725 81.32651571462839 9.02591391373959 3.174151952209391 69.12547201134566 0.765527486909981 0.09995715030093767 0.035152028569901225 0.00037135700999342346 0.005310156478180371 0.0 0.013435567478083681
48.96 5.732290543123205 81.32535608793566 9.025062603326587 3.1738793900969218 69.12543623428142 0.765527618751486 0.09994779143823374 0.03514903433632625 0.00037135941581072784 0.005357684075764845 0.0 0.013454741421567122
49.92 5.732072943956157 81.32423015168978 9.024236077313272 3.173614663259163 69.12540152868877 0.7655277468144918 0.09993870499435588 0.035146126151861225 0.000371361760100746 0.00540382820854467 0.0 0.013473364321232912
50.88 5.731861828241246 81.32313637995789 9.023433208640178 3.173357424098307 69.12536784325663 0.7655278712660397 0.09992987858508351 0.03514330020127855 0.0003713640452979325 0.0054486517686094665 0.0 0.013491460600078088
51.84 5.731657208603304 81.32207484128234 9.022654046816719 3.1731076898278094 69.12533517980614 0.7655279920986062 0.09992131275613719 0.03514055667427389 0.0003713662697162522 0.005492151989475708 0.0 0.013509029072522038
52.8 5.7314589014177635 81.32104482634209 9.021898063731381 3.1728653058821217 69.1253035116733 0.7655281093837782 0.09991300170741202 0.03513789387608902 0.00037136843637033766 0.005534358325433781 0.0 0.013526080578597999
53.76 5.7312662954723095 81.32004319359642 9.02116295214998 3.1726295353184835 69.12527274143221 0.7655282234802292 0.09990492007652309 0.03513530371195023 0.00037137055093871494 0.005575399579509978 0.0 0.013542666965187754
54.72 5.731079438047134 81.31907034883301 9.020449004870919 3.172400481902674 69.12524287831049 0.7655283343340425 0.09989707108612172 0.03513278732394963 0.00037137261253650765 0.005615259385554391 0.0 0.013558780918325266
55.68 5.730897731388946 81.31812324469433 9.019753983337623 3.1721774318641307 69.1252138272169 0.7655284422905392 0.09988943012857307 0.035130336871844366 0.0003713746274464624 0.005654062711835871 0.0 0.013574472645875623
56.64 5.730722060673912 81.31720655008142 9.01908131146036 3.171961488018851 69.12518573041551 0.765528546816063 0.09988203484783982 0.035127964472387266 0.00037137658421569587 0.005691618392484414 0.0 0.013589664585118028
57.6 5.730551584300877 81.31631605246127 9.018427892769447 3.1717516670154784 69.12515845510814 0.7655286483849502 0.09987485120635119 0.03512565932482426 0.0003713784930934708 0.005728099281308506 0.0 0.013604425879167471
58.56 5.730385993953295 81.31545021881794 9.017792599796712 3.171547611791714 69.12513195277796 0.7655287471696297 0.0998678668112076 0.035123417507647206 0.00037138035711321117 0.005763568315095118 0.0 0.013618781641318783
59.52 5.730225565581418 81.31461045064914 9.017176461581121 3.1713496513186246 69.12510626694088 0.765528843011109 0.09986109297562827 0.03512124263489349 0.00037138217069379847 0.005797968045343563 0.0 0.013632708757760301
60.48 5.730069608556807 81.31379338918524 9.016577006354291 3.171157006163303 69.125081289957 0.7655289362851501 0.09985450253090901 0.03511912614675299 0.0003713839440217567 0.005831436441378698 0.0 0.013646262007298893
61.44 5.72991808387029 81.31299874392515 9.01599402303051 3.1709696043195743 69.1250570144142 0.7655290270265457 0.09984809315527411 0.03511706725139165 0.0003713856735812332 0.005863985297718069 0.0 0.013659446487838674
62.4 5.729771158632054 81.31222750126187 9.015428231808041 3.170787683946786 69.12503346836395 0.7655291151199888 0.09984187276956326 0.035115068566946066 0.0003713873595006142 0.005895574390489871 0.0 0.01367224543527005
63.36 5.729628112032276 81.3114759516939 9.01487690921261 3.1706103738870053 69.12501053686383 0.7655292009859082 0.099835811433694 0.03511312052347291 0.00037138900927432904 0.005926355765258851 0.0 0.013684720119871728
64.32 5.729489434320907 81.31074673046311 9.014341986317959 3.170438299011485 69.12498829925995 0.7655292843217397 0.0998299303799752 0.03511122998717734 0.0003713906167414266 0.005956221598830062 0.0 0.013696826587023774
65.28 5.729355185320143 81.31004020540686 9.013823731293776 3.1702715490370275 69.12496676550884 0.7655293650832801 0.09982423255847518 0.03510939794463065 0.00037139218223754077 0.005985156910776272 0.0 0.013708558525233379
66.24 5.729224603348496 81.30935243097447 9.01331924783803 3.1701091958530876 69.12494581439539 0.7655294437199486 0.0998186861281982 0.035107614199848314 0.0003713937126077371 0.006013323400545291 0.0 0.013719981212599937
67.2 5.729098133618612 81.30868575636849 9.012830258838944 3.1699517946576203 69.12492551708078 0.7655295199624408 0.09981331003176402 0.03510588485295935 0.0003713952024880786 0.006040624873181639 0.0 0.013731055605778753
68.16 5.728975016210563 81.30803626997 9.012353892320915 3.169798426407111 69.12490575288805 0.7655295942557372 0.09980807269602808 0.035104199807830326 0.00037139666015461453 0.00606722166699369 0.0 0.01374184633669203
69.12 5.7288558490363135 81.30740717487609 9.011892496187553 3.169649850182316 69.12488661799004 0.7655296662313298 0.09980299993624027 0.03510256740520202 0.0003713980793714137 0.006092982684641183 0.0 0.013752300010082341
70.08 5.72873983089242 81.30679423245176 9.01144296165034 3.169505064616542 69.12486798382633 0.7655297363743626 0.09979805757330093 0.0351009766431271 0.0003713994686698432 0.006118081499739587 0.0 0.013762487070514617
71.04 5.728627467831399 81.30620017322245 9.01100728965137 3.1693647177119835 69.12484993202878 0.7655298043705286 0.09979326760806674 0.03509943464207016 0.00037140082237246383 0.0061424063855792235 0.0 0.013772361933163576
72.0 5.728518072505467 81.30562143306842 9.010582864104 3.1692279707053466 69.12483235325777 0.7655298706258762 0.099788601279749 0.03509793218742772 0.00037140214696306716 0.006166103398244198 0.0 0.013781983587318138
72.96 5.728412035370494 81.3050600891461 9.010171207902356 3.169095315252958 69.12481531015875 0.765529934901876 0.09978407533241379 0.03509647468137332 0.0003714034386166041 0.006189087507247435 0.0 0.013791317454104387
73.92 5.728309224788317 81.30451544065953 9.00977180712231 3.1689665857992964 69.12479878140228 0.765529997278607 0.09977968411602403 0.03509506030501665 0.0003714046980238647 0.006211387406425946 0.0 0.013800375186005149
74.88 5.72820931986154 81.30398587244633 9.009383474735126 3.1688414045536835 69.12478271661239 0.7655300579391818 0.09977541458167975 0.03509368490860386 0.00037140592916843463 0.006233069361841545 0.0 0.01380918334368361
75.84 5.728112233517514 81.30347092477645 9.00900587364759 3.1687196631899193 69.12476710146976 0.7655301169351251 0.09977126302362464 0.03509234730206233 0.0003714071332833106 0.006254152192933952 0.0 0.013817749551602991
76.8 5.7280182679038765 81.30297229607626 9.008640246263932 3.168601767742887 69.12475198599164 0.7655301740701215 0.09976724310364816 0.03509105194786311 0.00037140830732256946 0.006274566520911798 0.0 0.013826045233496611
77.76 5.727926944448081 81.30248732455604 9.008284644312782 3.1684870835225105 69.12473729130234 0.7655302296512305 0.09976333339927061 0.035089791871131856 0.00037140945203399894 0.006294421138033883 0.0 0.013834115065864683
78.72 5.727838243457058 81.30201605724895 9.007939097747093 3.1683756285670377 69.12472301644077 0.7655302836699902 0.09975953424291471 0.03508856727192502 0.00037141057255908686 0.006313714354838072 0.0 0.013841957750421926
79.68 5.72775190336057 81.30155709619503 9.007602581926253 3.1682670720864663 69.12470911885143 0.7655303362859027 0.09975583436921295 0.035087374515706676 0.00037141166947517857 0.006332503380648428 0.0 0.013849596560959191
80.64 5.727668418780251 81.3011130546319 9.007277013126847 3.1681620316697816 69.12469567795631 0.7655303871996092 0.09975225484685818 0.03508622038811831 0.00037141273844628367 0.006350681223610548 0.0 0.013856988064078554
81.6 5.727587030356324 81.30067996134278 9.006959477724019 3.168059570924699 69.12468257247893 0.7655304368650989 0.0997487636429439 0.03508509460142099 0.0003714137861834151 0.006368410555846013 0.0 0.013864198114628572
82.56 5.727508038688421 81.3002594238051 9.006651154011246 3.1679600707091504 69.1246698507756 0.7655304850973752 0.09974537371284165 0.035084001340469774 0.0003714148100727811 0.006385625586611637 0.0 0.013871199924786016
83.52 5.72743166717203 81.29985261655746 9.006352903484759 3.1678638084644617 69.1246575484699 0.76553053176177 0.09974209452843222 0.03508294365357968 0.0003714158079956572 0.0064022782158503 0.0 0.01387797398621386
84.48 5.727357440227379 81.29945707113866 9.006062914465387 3.167770202975371 69.12464558994694 0.7655305771402119 0.09973890617213932 0.035081915155415935 0.00037141678454677445 0.006418469590464634 0.0 0.013884561170932501
85.44 5.727285372190054 81.2990728570898 9.005781238109975 3.1676792705247347 69.12463397730949 0.7655306212244806 0.09973580920647851 0.035080916024875036 0.00037141773939733565 0.006434196854373704 0.0 0.013890960338111366
86.4 5.7272155153109505 81.29870024841077 9.005508075335971 3.167591075871068 69.12462271888685 0.7655306639831978 0.09973280584056586 0.03507994697351298 0.0003714186711743765 0.006449448789727077 0.0 0.013897166936757764
87.36 5.727147571062243 81.2983377098307 9.005242299064234 3.167505258229685 69.12461176724169 0.7655307055908112 0.09972988368365798 0.0350790040378586 0.00037141958437658266 0.006464288319629379 0.0 0.013903206334394416
88.32 5.727081589645572 81.29798549417758 9.004984094968304 3.167421876865054 69.12460113026899 0.7655307460187682 0.099727044777038 0.03507808786897408 0.0003714204776841921 0.006478705078689079 0.0 0.0139090743684348
89.28 5.727017335489066 81.29764238237226 9.004732568210544 3.1673406448982155 69.12459077058246 0.765530785406161 0.09972427928293479 0.03507719531519903 0.00037142135449184314 0.006492749025733681 0.0 0.013914791211764817
90.24 5.726955275270141 81.2973108147742 9.004489509164161 3.167262138017513 69.12458076252716 0.7655308234738526 0.0997216068854497 0.03507633270152191 0.00037142220757398675 0.006506320200660402 0.0 0.013920316384295578
91.2 5.726894691830159 81.29698704874714 9.004252171914446 3.1671854739590066 69.12457099157284 0.7655308606488237 0.09971899739544673 0.035075490334873144 0.00037142304633290015 0.006519571910940367 0.0 0.013925711927024489
92.16 5.726836019315462 81.29667336799193 9.004022231302399 3.167111191978608 69.12456152736736 0.7655308966700595 0.09971646922694721 0.035074674140121706 0.0003714238658398991 0.006532410646258863 0.0 0.013930939918906322
93.12 5.726779006224354 81.29636845625969 9.003798721701923 3.1670389816591014 69.12455232967974 0.7655309316880068 0.09971401176366096 0.035073880706822866 0.00037142466845020873 0.006544890318992157 0.0 0.013936022190412883
94.08 5.726723803528291 81.29607314541076 9.003582252109213 3.1669690411892715 69.12454342320041 0.7655309656065333 0.09971163170200378 0.035073112212968965 0.00037142545324808564 0.0065569769228811985 0.0 0.0139409447972849
95.04 5.7266700850081635 81.29578565520593 9.003371518721517 3.1669009474110092 69.12453475461834 0.7655309986301729 0.09970931470625227 0.0350723640085805 0.00037142622249094614 0.006568743259203943 0.0 0.013945737514079048
96.0 5.726617910399838 81.29550633476505 9.00316677646188 3.166834784351059 69.12452633410949 0.7655310307187377 0.09970706357986696 0.035071637017308775 0.0003714269755530062 0.006580175091360783 0.0 0.013950394425619914
