time_d pH Ptot_atm pH2_atm pCO2_atm pCH4_atm CH4_g_mol H2_g_mol CO2_g_mol SO4 Formate Acetate Ca
0.0 7.0 4.250764718342257 0.0 4.250764718342257 0.0 0.0 0.0 0.0 0.0003700000000000001 0.0 9.999999999999995e-07 0.0041
0.96 5.751985089015443 81.4518836739747 9.118986376039036 3.1990099686602838 69.13239912214175 0.7655365356448512 0.10097895238043977 0.03542418663314092 0.0003715503319231204 0.00013612601112262987 1.712097645593418e-11 0.011817556079227319
1.92 5.750954702636106 81.44714280072188 9.11548642148672 3.1979272503995704 69.13224075724227 0.7655370550245101 0.10094049540100493 0.0354123023156363 0.0003715579108827263 0.0003314403078471051 1.5254894096736691e-15 0.011893699665939204
2.88 5.7499589565059885 81.44253472065492 9.112085557559034 3.196873143656553 69.13208748915726 0.7655375609279728 0.10090312626233587 0.035400731525343905 0.0003715653289556488 0.0005212293737228185 2.892043899807022e-21 0.011967832793108561
3.84 5.748997092204863 81.43805836362266 9.108782894361525 3.1958475659225725 69.13193922000977 0.7655380533746555 0.10086683527518518 0.0353894734055093 0.00037157258504506727 0.0007055424412286246 6.011262841902048e-25 0.012039961094189032
4.8 5.748067308591394 81.43370773410022 9.10557391241761 3.1948492996415334 69.13179569099388 0.7655385329264942 0.10083157286294926 0.0353785146374614 0.00037157968448920753 0.0008846313183888016 0.0 0.01211017001417402
5.76 5.747169082345256 81.42948237355094 9.1024581923697 3.1938783712872914 69.13165683635147 0.7655389995507514 0.10079733449078968 0.03536785555175645 0.00037158662321916695 0.0010585190621797203 0.0 0.012178457590991704
6.72 5.746300857953991 81.42537730183204 9.099431971354283 3.19293378427256 69.13152243511787 0.7655394537050861 0.1007640788890745 0.03535748525170317 0.0003715934104224369 0.0012274152853840852 0.0 0.012244893707792253
7.68 5.745462138086393 81.42139188363895 9.096494711721617 3.1920155044099148 69.13139242372877 0.7655398953891983 0.10073180021222843 0.035347403395996665 0.00037160004081072365 0.0013913497019931807 0.0 0.012309480701969093
8.64 5.744650968887898 81.41751899757683 9.093641083174134 3.191122024335223 69.13126651811922 0.7655403253101366 0.10070043995580057 0.03533759347487419 0.00037160650793018827 0.001550619452988401 0.0 0.012372324394731094
9.6 5.743866094713622 81.41375376011808 9.090867440823697 3.190252293102315 69.13114453038642 0.7655407439605191 0.10066995810905548 0.03532804397324998 0.00037161284274001705 0.0017054277714524584 0.0 0.0124334987309682
10.56 5.743107158088447 81.4100964898217 9.08817394439097 3.1894065066074773 69.13102642339469 0.7655411512286081 0.10064035649263095 0.03531875707804626 0.0003716190232989679 0.0018557654196384753 0.0 0.0124929897372234
11.52 5.742372274703525 81.40653963880321 9.085554976582142 3.188583013292142 69.13091191779988 0.7655415478958228 0.10061157342384268 0.035309714683052065 0.0003716250697581335 0.0020019456818279355 0.0 0.01255091347730901
12.48 5.741661843262574 81.40308640413838 9.083012843090758 3.1877826326239105 69.13080108556687 0.7655419335572546 0.10058363428812392 0.03530092581056753 0.00037163097064141833 0.002143839654010947 0.0 0.01260721226908458
13.44 5.740973949772765 81.39972875452926 9.080541583601676 3.1870035811184447 69.13069363888437 0.7655423090599064 0.10055647362295231 0.03529237090001213 0.0003716367317283853 0.0022817798165838806 0.0 0.012662011498251923
14.4 5.740308631213286 81.39646826757819 9.078142308180029 3.1862463077938354 69.13058959626345 0.7655426741757051 0.10053010367403815 0.03528405490683538 0.00037164235640304704 0.002415703990299252 0.0 0.012715279480726585
15.36 5.739665382602734 81.39330358883865 9.075813978141008 3.1855105659836944 69.13048888851921 0.7655430290132514 0.10050451306370937 0.03527597514284214 0.0003716478396249902 0.002545669975899995 0.0 0.012767033525761903
16.32 5.739041766631067 81.39022396816186 9.07354863988957 3.1847939290690803 69.13039114532349 0.7655433747329892 0.10047961441434161 0.03526810498106918 0.00037165320248520563 0.0026721215461979167 0.0 0.01281744422925478
17.28 5.738438518001167 81.38723388471914 9.071349556177928 3.184097491383091 69.13029648886977 0.7655437107991309 0.10045544361753439 0.03526045645555882 0.0003716584302106324 0.002794876437335058 0.0 0.012866434608120857
18.24 5.737854502824112 81.38432890768613 9.06921342633542 3.1834202890057184 69.13020475273575 0.7655440376672695 0.10043196443154402 0.035253019000314 0.0003716635350932207 0.0029141187179620135 0.0 0.0129140723711988
19.2 5.737288693513705 81.38150463782641 9.067136988728926 3.1827613398418535 69.1301157812472 0.7655443558047998 0.10040914103203959 0.035245781842851855 0.0003716685138265071 0.0030300303434787268 0.0 0.012960426604960796
20.16 5.736740980595582 81.37876156545562 9.065120567784263 3.1821208170277986 69.13002956713085 0.7655446651202297 0.10038697701712264 0.03523874690209693 0.00037167337246245036 0.0031425930492890624 0.0 0.013005485051175797
21.12 5.736210505068361 81.37609614248281 9.063161528216664 3.1814979362076925 69.12994598179594 0.7655449659853715 0.10036544344567597 0.03523190557677652 0.00037167811199617326 0.0032519538292349833 0.0 0.013049302862732533
22.08 5.735697143763147 81.37350844542904 9.061259900892068 3.1808927557713935 69.12986501248305 0.7655452583666367 0.10034454068025676 0.03522525852062917 0.0003716827274998389 0.003358110855239993 0.0 0.013091875918185666
23.04 5.735199488070487 81.3709924122085 9.059411196711725 3.180303914791027 69.12978644690398 0.7655455429139767 0.10032421940710026 0.03521879080227955 0.00037168724189164056 0.0034613145772028554 0.0 0.01313329984530288
24.0 5.734717887523013 81.3685503022247 9.057617057000565 3.17973197140122 69.12971034505357 0.7655458193522973 0.10030449768524773 0.03521250856138866 0.0003716916357650916 0.0035614732939441133 0.0 0.013173535401129288
24.96 5.734251597069906 81.3661788257153 9.055875047232597 3.179176184213594 69.1296365929645 0.7655460880370394 0.10028534877145635 0.03520640366361972 0.0003716959166391583 0.0036587228377605047 0.0 0.01321263474917331
25.92 5.7337995986363985 81.36387375788718 9.05418203299359 3.178635613833823 69.12956503948524 0.765546349415196 0.10026673823777452 0.03520046580513229 0.00037170009842853473 0.00375323805636428 0.0 0.013250663867057236
26.88 5.73336126868683 81.36163227540086 9.052535927138656 3.178109619658712 69.12949558892541 0.7655466037927531 0.1002486431544137 0.03519468795610177 0.0003717041774646513 0.0038451354129278342 0.0 0.013287667842701616
27.84 5.732936318357588 81.35945347261577 9.05093604524279 3.1775980206369963 69.12942820107106 0.7655468512529442 0.10023105601539031 0.035189068137161564 0.0003717081563959443 0.003934453034526753 0.0 0.01332365938155694
28.8 5.732524715610665 81.35733765032609 9.04938259221524 3.1771009135680535 69.12936287499926 0.7655470917448479 0.10021397908846841 0.03518360741960654 0.0003717120336907035 0.0040211794127007205 0.0 0.013358631664826386
29.76 5.732125931758083 81.35528260794692 9.047873934747576 3.1766178095809847 69.12929953221851 0.7655473255008951 0.10019739443465159 0.03517830044167834 0.00037171581185608507 0.004105405658841759 0.0 0.01339261905707614
30.72 5.731739284057413 81.35328539956313 9.046407891563826 3.176148046657314 69.12923806999757 0.7655475528387676 0.10018127809193027 0.03517313993992066 0.00037171950095527727 0.004187253471277867 0.0 0.013425668085270232
31.68 5.731364620575251 81.3513454802949 9.044984053584939 3.175691511133581 69.12917846617447 0.7655477738099079 0.10016562557250307 0.03516812467042314 0.00037172309314683147 0.004266745651342806 0.0 0.013457786772206996
32.64 5.731002206709045 81.34946472313378 9.043603779438186 3.1752486704307383 69.12912076772918 0.7655479881850122 0.1001504518271298 0.035163259775998754 0.0003717265886273011 0.004343806276051859 0.0 0.013488942202072151
33.6 5.7306500163277025 81.34763301144639 9.042259631341055 3.1748171637849607 69.12906465625879 0.76554819710367 0.100135675102006 0.035158519328460223 0.0003717300046372352 0.0044188505417392275 0.0 0.013519300430242305
34.56 5.730308819067619 81.3458546675671 9.040954770461896 3.174398026990509 69.1290102572514 0.7655484000615494 0.10012133015931292 0.03515391471217628 0.0003717333327659965 0.004491701912973038 0.0 0.01354878858527581
35.52 5.729977787022965 81.34412573120726 9.03968627888893 3.173990345401351 69.12895744284572 0.7655485974985918 0.10010738493141938 0.035149435884533606 0.0003717365788761758 0.004562523251664742 0.0 0.013577470995005034
36.48 5.729656931681598 81.3424465007252 9.038454367579757 3.1735942028488173 69.12890621661134 0.7655487893737898 0.10009384174601052 0.03514508377072756 0.0003717397416660863 0.004631302744024257 0.0 0.013605341768580814
37.44 5.729345815717162 81.34081514032009 9.037257675582667 3.1732091893223493 69.12885651363871 0.7655489758819568 0.10008068565357778 0.03514085387297664 0.0003717428275160217 0.004698116313327537 0.0 0.013632429705282846
38.4 5.72904415274443 81.33923023585629 9.036095161731511 3.1728349771223012 69.12880828861368 0.7655491571805395 0.10006790521246504 0.03513674259325664 0.00037174583300862864 0.00476302207454665 0.0 0.013658757892882742
39.36 5.728751492411921 81.33768989982468 9.034965426932448 3.172471144429578 69.1287614748663 0.7655493334709953 0.1000554850537052 0.03513274530403664 0.0003717487646518526 0.004826098079882164 0.0 0.013684355949436997
40.32 5.728467702573081 81.33619349300818 9.033867999668928 3.1721175446245384 69.12871605129583 0.7655495048234967 0.10004341999728675 0.03512886039618243 0.0003717516213460563 0.004887370643806842 0.0 0.013709234224591936
41.28 5.728193020953301 81.33474266490246 9.032804077340653 3.171774587243059 69.12867206049566 0.7655496710368895 0.10003172321757962 0.03512509237478442 0.0003717544023838413 0.004946772861516191 0.0 0.013733363866534636
42.24 5.727926609893914 81.33333312111988 9.031770506235405 3.17144126467171 69.12862936927404 0.7655498325983875 0.10002036004772795 0.03512143017185212 0.0003717571140396898 0.0050044807947995425 0.0 0.013756815775158589
43.2 5.727668204289608 81.33196366629511 9.030766403116365 3.1711173050981856 69.12858793727273 0.7655499896381678 0.1000093207835946 0.0351178708042747 0.00037175975544414066 0.005060543729802537 0.0 0.013779609066601532
44.16 5.72741712085486 81.33063091714952 9.029789279838115 3.170801920227419 69.12854765754668 0.7655501425366219 0.09999857807671189 0.035114405614535535 0.000371762334729187 0.005115100558310433 0.0 0.013801799181309414
45.12 5.727173591324085 81.32933623594678 9.028840130799805 3.17049543972514 69.1285085683296 0.7655502911330838 0.09998814286443129 0.0351110382270735 0.0003717648495243932 0.005168095739062476 0.0 0.013823362932239914
46.08 5.726937857294512 81.32808117824679 9.027920088098764 3.170198245327932 69.12847071138232 0.7655504352408021 0.09997802760058636 0.035107772840040435 0.00037176729691257407 0.0052194660268664594 0.0 0.013844273439370015
47.04 5.726708715776097 81.32685941257873 9.027024507511817 3.169908842067428 69.12843389424067 0.7655505755846368 0.09996818122814409 0.03510459302920289 0.00037176968588774665 0.005269470719273658 0.0 0.013864635889507565
48.0 5.726486320404698 81.32567195981703 9.026154131200768 3.1696274818766113 69.12839814370632 0.7655507120383244 0.09995861191157827 0.035101501565364304 0.0003717720166410666 0.005318068353913036 0.0 0.013884432544607134
48.96 5.726270741421551 81.32451929355584 9.025309303066965 3.1693542824547034 69.12836347178285 0.7655508445477255 0.0999493234365386 0.03509849974390165 0.00037177428769318574 0.005365239710270514 0.0 0.013903655129562782
49.92 5.726061489627037 81.32339898833543 9.02448823947236 3.169088678289987 69.1283298020841 0.7655509733831318 0.09994029619697335 0.035095581353597555 0.000371776502290813 0.0054110843578116675 0.0 0.013922343414572267
50.88 5.725858729530957 81.32231203982954 9.023691666408979 3.1688309114701005 69.12829716222866 0.7655510984270346 0.0999315381787311 0.035092749056418446 0.00037177865943243283 0.005455561743685404 0.0 0.013940480368689785
51.84 5.725661760678807 81.32125476754392 9.022916884163347 3.1685801133062954 69.12826544001679 0.7655512201003926 0.09992301970225866 0.03508999330870709 0.00037178076312706755 0.005498822597994644 0.0 0.01395812711246459
52.8 5.725470965102521 81.32022940907548 9.022165526761272 3.168336823668261 69.12823469920683 0.7655513381399736 0.09991475873789055 0.035087320045122966 0.00037178281221621385 0.005540775659679249 0.0 0.01397524564678847
53.76 5.725286082522933 81.31923466129611 9.021436636408088 3.1681007384274906 69.12820489855342 0.7655514526925461 0.0999067447581069 0.03508472592545876 0.00037178480871501537 0.00558147439482608 0.0 0.013991857368843197
54.72 5.72510668977001 81.31826834139432 9.020728610527899 3.167871344293826 69.12817597104565 0.7655515640064837 0.0998989601457182 0.03508220531113827 0.0003717867548188892 0.005621008273911735 0.0 0.01400799838899241
55.68 5.724932441566017 81.31732872907087 9.020040184549023 3.167648239694197 69.12814786247515 0.7655516722757868 0.09989139100070855 0.035079753791586996 0.0003717886547328498 0.005659447888660006 0.0 0.014023696946251536
56.64 5.724762923064249 81.31641354887866 9.019369692002304 3.167430883162791 69.12812050526695 0.765551777763261 0.09988401900060989 0.03507736541697244 0.00037179051136765817 0.005696886292854621 0.0 0.014038991158743729
57.6 5.724598678700855 81.3155259695023 9.018719447725593 3.1672200379782263 69.12809399007061 0.7655518800974402 0.09987686960211412 0.03507504857736638 0.0003717923197315724 0.005733194204850902 0.0 0.014053827294979991
58.56 5.724439460634713 81.31466468205176 9.018088491770913 3.1670153951336415 69.12806827691293 0.7655519794277408 0.09986993225217383 0.03507279987797994 0.000371794080470337 0.005768425220281732 0.0 0.014068227104163463
59.52 5.724284496986115 81.31382549136475 9.017473751094819 3.166815957370749 69.12804324081566 0.7655520762377835 0.09986317316302616 0.03507060836058895 0.0003717958026922744 0.005802750931655944 0.0 0.014082260763192456
60.48 5.724134542916119 81.31301269997107 9.016878371350652 3.1666227571032644 69.12801900635516 0.7655521700257485 0.09985662692606051 0.035068485372559036 0.00037179747976788725 0.005835995667359731 0.0 0.014095855607982452
61.44 5.7239889926892 81.31222310306269 9.016300002662751 3.166435036409031 69.12799547642811 0.7655522611587494 0.09985026770647817 0.0350664225865889 0.00037179911722694985 0.005868290629222972 0.0 0.014109064956244302
62.4 5.723847719486428 81.31145592261673 9.015738077289633 3.166252606768227 69.12797262925473 0.7655523497286063 0.09984408926083407 0.035064417930358284 0.0003718007101695274 0.005899667528178148 0.0 0.014121902103366824
63.36 5.723710616879974 81.3107107541811 9.015192294075389 3.166075379968162 69.12795044973363 0.7655524357773218 0.09983808828179074 0.0350624704367112 0.0003718022657445823 0.005930143159587012 0.0 0.014134373228915718
64.32 5.7235775005755505 81.30998674892946 9.01466202702204 3.1659031611618245 69.12792890985395 0.7655525193985745 0.09983225788988946 0.03506057796646488 0.0003718037878111383 0.005959752459758001 0.0 0.014146492018420923
65.28 5.723448320850478 81.30928343894583 9.01414693848064 3.165735830753407 69.12790799893918 0.7655526006512118 0.09982659436939705 0.03505873920342049 0.00037180526776258636 0.0059885143042282115 0.0 0.014158266939801
66.24 5.72332292254563 81.30860021067056 9.0136465727167 3.165573253154692 69.12788769472644 0.7655526795999303 0.09982109271430685 0.035056952660400306 0.00037180671358309905 0.006016454113544173 0.0 0.01416970749112585
67.2 5.723201195925467 81.3079365868424 9.013160576812162 3.165415320356402 69.1278679808641 0.7655527562964438 0.09981574904697295 0.035055217152040026 0.0003718081239202426 0.006043591579700071 0.0 0.014180821254830025
68.16 5.723082962167852 81.30729141137081 9.012688108805587 3.1652617495883457 69.12784882596779 0.7655528308787604 0.09981055410679672 0.035053529569159116 0.00037180950226949636 0.006069973736819606 0.0 0.014191628171583313
69.12 5.722968056865084 81.30666390946323 9.012228597812665 3.165112361960049 69.12783020499354 0.7655529034334146 0.09980550161940592 0.03505188794746063 0.00037181084938867477 0.0060956324484323825 0.0 0.01420214080877435
70.08 5.7228566971108314 81.30605535986204 9.01178297767007 3.164967466273869 69.12781215407718 0.7655529738094641 0.09980060185490762 0.03505029568157863 0.0003718121612568791 0.006120515558124802 0.0 0.01421233742927475
71.04 5.722748596250152 81.30546419688935 9.011350101695625 3.1648266899556456 69.12779462675334 0.7655530421880049 0.09979584220546403 0.03504874867743052 0.0003718134467078128 0.006144687095466046 0.0 0.01422224425142946
72.0 5.722643631526232 81.30488984939713 9.010929548870687 3.164689901553637 69.12777760432502 0.7655531086323017 0.09979121804404957 0.035047245491730876 0.0003718146990579227 0.006168170558019972 0.0 0.014231870509220706
72.96 5.722541670969472 81.30433155448574 9.010520761580217 3.1645569178124613 69.12776106474344 0.7655531732313061 0.09978672323902837 0.03504578411033885 0.0003718159168183294 0.006190997086687517 0.0 0.014241229110831567
73.92 5.722442762146065 81.30378961413348 9.010123959645453 3.1644278126236367 69.12774501628077 0.7655532359492359 0.09978236020851024 0.035044365345847275 0.0003718171115135609 0.006213154401928908 0.0 0.014250314853812266
74.88 5.722346648153303 81.30326266392166 9.00973814284803 3.1643022629851334 69.12772941769947 0.7655532969424863 0.09977811795572766 0.03504298564930502 0.00037181827664101684 0.006234698350212187 0.0 0.014259150459567977
75.84 5.722253575738078 81.30275206600834 9.009364308054396 3.164180594026675 69.12771430919899 0.7655533560533133 0.09977400744217939 0.035041648593873924 0.00037181941271795965 0.0062555732654901094 0.0 0.014267713057895941
76.8 5.722162813793912 81.30225389953893 9.008999582362167 3.1640618754536676 69.12769957300941 0.7655534137324032 0.09976999708075072 0.03504034395733907 0.00037182052723748737 0.006275939559411983 0.0 0.01427606808276696
77.76 5.722074801028769 81.30177052042026 9.008645691762307 3.1639466666450407 69.1276852797352 0.7655534697087353 0.09976610584893178 0.03503907788643786 0.00037182161449971233 0.006295700858383539 0.0 0.014284176196873513
78.72 5.721989518541473 81.3013018363653 9.008302568213647 3.1638349462177717 69.12767142651059 0.7655535239928601 0.09976233299899506 0.03503785014641055 0.0003718226755487902 0.006314860960549631 0.0 0.014292038906801268
79.68 5.721906628105874 81.300846132206 9.0079689522912 3.1637263116269585 69.12765796008442 0.7655535767791604 0.09975866468574131 0.035036656315182324 0.00037182371685829513 0.006333490175712643 0.0 0.014299684505634822
80.64 5.721826095593126 81.3004031557861 9.007644661055517 3.163620700132585 69.12764487397561 0.7655536280981928 0.09975509889666388 0.0350354957026507 0.0003718247272570764 0.006351598725986044 0.0 0.014307117426591874
81.6 5.7217477648018065 81.29997204064392 9.00732906024074 3.1635179048778856 69.12763214282128 0.7655536780509568 0.09975162865759718 0.03503436603556005 0.0003718257206797841 0.006369222030170534 0.0 0.01431435222674378
82.56 5.721671753434622 81.29955351384467 9.00702267996809 3.1634181027952244 69.12761978665041 0.7655537265508228 0.09974825979927872 0.03503326925925493 0.00037182669074076706 0.006386330476552811 0.0 0.014321376445492471
83.52 5.7215980518456755 81.2991475014015 9.006725466566765 3.1633212754569877 69.12760780357327 0.7655537736067843 0.09974499173136478 0.03503220517106791 0.00037182763824787353 0.006402927064174393 0.0 0.014328191387271752
84.48 5.72152644107243 81.29875282333269 9.006436555508404 3.16322714263352 69.12759615833257 0.765553819354956 0.09974181494839726 0.03503117069174645 0.0003718285659044887 0.006419060065877817 0.0 0.01433481676466924
85.44 5.721456949211793 81.29836967896095 9.006156091392821 3.16313575384775 69.12758485613223 0.7655538637712638 0.09973873104130723 0.035030166366078454 0.000371829470553766 0.006434721402207355 0.0 0.014341249087546177
86.4 5.721389609826431 81.29799821032377 9.00588417936577 3.1630471412717887 69.12757390169739 0.7655539068397005 0.0997357411656548 0.035029192547212346 0.00037183035570258275 0.0064499052057987215 0.0 0.014347486104050781
87.36 5.721324073991245 81.29763661346942 9.005619495779165 3.1629608797735846 69.12756323980219 0.765553948766642 0.0997328307693292 0.03502824456446389 0.0003718312256558477 0.006464685376807826 0.0 0.01435355770078146
88.32 5.721260515442552 81.29728550982168 9.005362504213382 3.16287710323835 69.12755289443484 0.7655539894881853 0.09973000494354026 0.0350273238855641 0.00037183206849579996 0.006479036066109975 0.0 0.014359454533424389
89.28 5.721198727332538 81.29694439847044 9.005112821225563 3.1627957196579324 69.12754284009826 0.7655540290462907 0.0997272594841288 0.035026429506401176 0.00037183289954704596 0.006492978613676071 0.0 0.01436518293989535
90.24 5.721138715514053 81.29661283575192 9.004870134518754 3.1627166028680365 69.12753307159564 0.7655540675043208 0.09972459094839588 0.035025560035326225 0.0003718337115705353 0.006506530511476673 0.0 0.014370751900727634
91.2 5.721080442719343 81.2962906930189 9.004634347823485 3.1626397255137553 69.12752358389757 0.7655541048754299 0.09972199827930416 0.03502471517259987 0.0003718345082316689 0.006519697126778289 0.0 0.014376163325882133
92.16 5.721023889347058 81.29597803096097 9.004405501083195 3.162565109366767 69.12751437597414 0.7655541411482244 0.09971948191930918 0.03502389515936856 0.00037183528632567584 0.006532476210099933 0.0 0.014381415649836813
93.12 5.720968892241242 81.29567392354775 9.004182917202689 3.1624925324531064 69.12750542083955 0.7655541764306336 0.09971703442287493 0.035023097555959594 0.000371836046721515 0.0065449055736035615 0.0 0.014386524496462662
94.08 5.720915492144852 81.29537848030517 9.003966679305234 3.1624220160040175 69.12749672367248 0.7655542107125166 0.099714656701907 0.03502232259447564 0.00037183679315342885 0.0065569805884292485 0.0 0.014391488397507103
95.04 5.720863629645775 81.29509144802634 9.003756600041642 3.1623535028436565 69.12748827578126 0.7655542440216564 0.09971234669783109 0.035021569647419405 0.0003718375239926458 0.0065687117080519405 0.0 0.014396311362108795
96.0 5.720813282560928 81.29481269397789 9.003552582505481 3.1622869609065782 69.1274800734012 0.7655542763736121 0.09971010334497382 0.0350208383623204 0.0003718382408578686 0.006580104344841893 0.0 0.014400995649528426
