time_d pH Ptot_atm pH2_atm pCO2_atm pCH4_atm CH4_g_mol H2_g_mol CO2_g_mol SO4 Formate Acetate Ca
0.0 7.0 3.5063337777716432 0.0 3.5063337777716432 0.0 0.0 0.0 0.0 0.00037000000000000016 0.0 1.0000000000000002e-06 0.004100000000000002
0.96 5.8003887413742845 80.81947655558973 9.113522097930092 2.6215487148595966 69.08295317727412 0.7631737978492584 0.10067898014446383 0.02896079563696042 0.00037151469859406506 0.0001109587759992001 1.9727405262883445e-12 0.01129911181583101
1.92 5.799317030043007 80.8147238920255 9.110010532519068 2.6204588293228395 69.0828017826007 0.7631743230951216 0.1006404769658986 0.028948838808825327 0.0003715225612390007 0.0003065114369619551 1.630690825928969e-18 0.011375868040766695
2.88 5.798282449383466 80.81010712663658 9.106600468146654 2.6193983409680173 69.08265539450241 0.7631748344282839 0.10060308574982613 0.028937204045698006 0.0003715302553591737 0.0004964162683289439 2.6129839858584107e-23 0.011450555099757658
3.84 5.797283140395978 80.80562065956963 9.103287663383478 2.618366133955642 69.08251377004727 0.7631753323628914 0.1005667600808218 0.028925879147644058 0.0003715377853221805 0.0006809090281442486 0.0 0.011523251445199553
4.8 5.796317814245326 80.80126122805467 9.100069611286152 2.6173616153593118 69.08237674608475 0.7631758171626132 0.1005314725543924 0.028914857648286413 0.0003715451521425878 0.0008601289199929357 0.0 0.011593998716124184
5.76 5.79538514053176 80.7970251200532 9.096943483878102 2.6163840730424353 69.08224415043628 0.76317628915072 0.1004971922384662 0.0289041317696014 0.0003715523574331786 0.001034233064265539 0.0 0.01166284697428678
6.72 5.794483808923731 80.79290872759603 9.093906530778275 2.615432816889218 69.0821158153799 0.7631767486388041 0.10046388904948984 0.028893693974427436 0.00037155940284172307 0.0012033742663930373 0.0 0.011729844702202832
7.68 5.793612841972241 80.78890964880189 9.090956902025034 2.6145074172555005 69.08199161845077 0.7631771958158431 0.10043154276857713 0.028883539579466325 0.00037156629025378123 0.0013676552340200108 0.0 0.01179502207962232
8.64 5.792772133209628 80.78502927416578 9.088095552476224 2.6136083102620637 69.08187155912547 0.7631776304553395 0.10040016392963937 0.02887367339873015 0.00037157301374853425 0.0015270224895868577 0.0 0.01185834833991052
9.6 5.791958866411857 80.78125669424121 9.085314362923265 2.612733090731687 69.08175525184623 0.7631780537032137 0.10036966356018868 0.02886406906948192 0.000371579587954213 0.0016819279213806978 0.0 0.011919992760480717
10.56 5.791172377692886 80.77759035203607 9.082612127969375 2.611881489040723 69.0816426145131 0.7631784656748334 0.10034002849111223 0.028854723655882833 0.000371586008436735 0.0018324384328095916 0.0 0.011979974306962798
11.52 5.790411415442863 80.77402615049397 9.079985766165489 2.61105265435507 69.08153348212366 0.7631788667695567 0.10031122498331778 0.028845627845669356 0.00037159228382000636 0.001978725393053522 0.0 0.012038352822102054
12.48 5.789675277554803 80.77056232435993 9.07743392242706 2.61024626484069 69.08142776620724 0.7631792571294761 0.10028323822433606 0.028836778128947128 0.0003715984156374265 0.002120864046495693 0.0 0.012095150919472471
13.44 5.788963848980784 80.7671997741448 9.074957207913485 2.6094626130902006 69.08132546348794 0.7631796366004604 0.10025607496155092 0.02882817773725939 0.00037160440262327434 0.002258820140880954 0.0 0.012150347947850913
14.4 5.788275220307034 80.76393086235475 9.072549949194515 2.608699998725192 69.08122630994757 0.7631800059959646 0.10022967301645483 0.028819808029105238 0.00037161024262324905 0.0023929094819692834 0.0 0.012204063621000018
15.36 5.7876091941381125 80.76075598081935 9.070212387721803 2.6079585877723965 69.08113028989025 0.7631803652239166 0.10020403507701901 0.02881167084495445 0.0003716159475104225 0.0025231184312904677 0.0 0.012256286195716087
16.32 5.7869646086103 80.7576706600705 9.067941195182105 2.6072373981877095 69.08103724400117 0.7631807147520264 0.10017912467406043 0.028803755422143557 0.00037162151423632587 0.002649632224168197 0.0 0.012307084831277201
17.28 5.786340700097619 80.75467248591019 9.065734552233552 2.606535934142616 69.08094707311291 0.7631810548108969 0.10015492189038193 0.02879605633552428 0.0003716269496113746 0.0027725520260146875 0.0 0.01235649439586285
18.24 5.785736655595377 80.75175861028985 9.063590326578572 2.6058535882540292 69.08085966871197 0.7631813856864659 0.10013140337137276 0.02878856693324352 0.0003716322556000062 0.0028919964613092204 0.0 0.01240455764036467
19.2 5.785151961553791 80.7489275262353 9.061507375478161 2.6051900612445325 69.08077496574587 0.7631817075153936 0.10010855661226212 0.028781283943725682 0.00037163743209094383 0.003008029051096705 0.0 0.012451295623566392
20.16 5.784586170612878 80.74617810648311 9.059484835027332 2.604545145250594 69.08069290863504 0.763182020391539 0.10008637216833435 0.028774205099273826 0.0003716424832456029 0.0031206977733723496 0.0 0.012496722944842506
21.12 5.784038465314375 80.74350721182749 9.057520367659226 2.6039181499331914 69.08061338593652 0.7631823246428969 0.10006482442576553 0.02876732283402235 0.0003716474080805911 0.0032301327260807304 0.0 0.01254088821794815
22.08 5.78350837035011 80.7409134789995 9.05561293906825 2.603308805969481 69.08053633792176 0.763182620393965 0.10004390206690593 0.028760634204124322 0.0003716522135448547 0.003336391397794015 0.0 0.012583810371586991
23.04 5.782995344437685 80.73839463789265 9.05376086534316 2.6027166040381413 69.08046168762502 0.7631829078887074 0.10002358663718493 0.02875413362560296 0.0003716568938140102 0.0034395675323475572 0.0 0.012625525340640056
24.0 5.782497778067542 80.73594420982387 9.051959339033221 2.602140091466942 69.08038921620522 0.7631831878223654 0.10000382543863336 0.028747805168782253 0.00037166146800805334 0.003539928764039315 0.0 0.012666135298332257
24.96 5.7820159161832985 80.73356358788173 9.050209375736436 2.6015796100150688 69.08031895943401 0.763183460026333 0.09998462962225323 0.028741652589596073 0.00037166592757880367 0.0036374184783367347 0.0 0.012705616250852456
25.92 5.781549356464415 80.7312516107895 9.048510095496157 2.601034928748082 69.08025086685116 0.7631837246069832 0.09996598955823313 0.0287356733632561 0.00037167027584666175 0.0037320855882731893 0.0 0.012743984419689984
26.88 5.781097159168379 80.72900424932907 9.046858516739661 2.6005051315250176 69.08018480679202 0.763183982005237 0.0999478725594188 0.028729857441135702 0.00037167451840315185 0.0038240961101371476 0.0 0.012781304319290617
27.84 5.7806591576108355 80.72682125319032 9.045254436425822 2.599990189548915 69.08012076075191 0.7631842322302608 0.09993027641492704 0.02872420451454812 0.00037167865573342845 0.003913461280333854 0.0 0.01281757796803862
28.8 5.780234963703561 80.72470119337305 9.043696788060444 2.5994897925255716 69.08005867645073 0.7631844754291092 0.09991318944114844 0.028718711183931864 0.0003716826866142059 0.004000240445023131 0.0 0.01285282722013208
29.76 5.779823974741332 80.7226416411046 9.042183769032377 2.599003397146862 69.07999847093089 0.7631847118623895 0.09989659188085878 0.028713371492307238 0.00037168661752816964 0.004084533951061508 0.0 0.012887090322757694
30.72 5.7794260723618125 80.72064248149145 9.040715279243113 2.5985310009983906 69.07994013178823 0.763184941526152 0.09988048264932413 0.028708185419251107 0.00037169044683951763 0.004166347314262944 0.0 0.012920367440875158
31.68 5.779040289561476 80.71869926374005 9.039288036178284 2.598071573759452 69.07988352090224 0.7631851649203643 0.0998648257502132 0.02870314165915523 0.0003716941827213695 0.004245863356682314 0.0 0.012952731149255185
32.64 5.77866654142581 80.71681227327946 9.03790222833029 2.5976252174404824 69.07982863317844 0.7631853819903329 0.09984962326921766 0.028698241340035447 0.0003716978235532604 0.004323071486783186 0.0 0.012984174202657515
33.6 5.778304066968599 80.71497769514993 9.03655505130755 2.5971910337379476 69.07977535622815 0.7631855931715579 0.09983484444615921 0.0286934746015693 0.0003717013767141663 0.004398127937360664 0.0 0.013014759938292259
34.56 5.777952977659192 80.7131966240026 9.035247292989691 2.5967693076790486 69.07972371180924 0.7631857983211114 0.09982049793802843 0.028688844579166508 0.00037170483595503023 0.00447098874532514 0.0 0.013044468246851645
35.52 5.777612790555623 80.71146703505684 9.033977453519164 2.59635958088199 69.07967363329736 0.7631859976610568 0.09980656730251942 0.02868434624553436 0.00037170820815196685 0.004541737420926939 0.0 0.013073331399304798
36.48 5.777282705707623 80.70978515782558 9.032742755350018 2.5959609754275124 69.07962500553751 0.7631861916154625 0.09979302207780517 0.028679969966019223 0.000371711498474985 0.0046105286741521395 0.0 0.01310141123651548
37.44 5.776963008379735 80.7081527891361 9.031544506962529 2.5955739342732276 69.079577873963 0.7631863799664711 0.09977987662804018 0.02867572060806904 0.000371714703727799 0.004677289559225094 0.0 0.013128676548713084
38.4 5.776653292555702 80.70656814985587 9.030381393140098 2.595198050376791 69.07953218163158 0.7631865629099412 0.09976711653292716 0.028671593706442376 0.00037171782624020606 0.004742093316634087 0.0 0.013155156006010891
39.36 5.776352162353398 80.70502437603638 9.029248367435548 2.5948317094498314 69.07948772509968 0.7631867412299111 0.09975468643786757 0.028667571541065646 0.0003717208778145536 0.004805221075953376 0.0 0.013180963310846323
40.32 5.776060586636401 80.70352667466 9.02814924385123 2.5944761592558474 69.0794446497404 0.7631869143173404 0.09974262819209465 0.028663667814565513 0.00037172384856710663 0.004866460305115222 0.0 0.013206010573966106
41.28 5.775777864238477 80.70207176866634 9.027081607686535 2.594130637387518 69.07940285548402 0.7631870825402028 0.0997309153126296 0.02865987415989284 0.00037172674540899366 0.00492594550364243 0.0 0.01323035148270068
42.24 5.775503684886475 80.70065823886105 9.026044411926224 2.593794816027376 69.079362297917 0.7631872460576269 0.09971953631864663 0.02865618698024156 0.00037172956913296965 0.0049837349834700555 0.0 0.01325400913599388
43.2 5.775237918756194 80.69928568643917 9.025037355799341 2.5934686134139806 69.07932296074345 0.7631874049077986 0.09970848791740851 0.028652605381054665 0.00037173232129422636 0.005039845470133209 0.0 0.013276989282321221
44.16 5.774979703929993 80.69794986630653 9.024057318486747 2.593151030790964 69.07928471830249 0.7631875595766405 0.0996977358764571 0.028649118398893267 0.0003717350091344269 0.0050944508205756234 0.0 0.01329936226986972
45.12 5.774729693066594 80.69665429452961 9.023106875017366 2.5928429113489444 69.07924766854661 0.7631877096504996 0.09968730845076701 0.028645735293669997 0.000371737624434562 0.005147407542291259 0.0 0.013321068714515187
46.08 5.7744869302780195 80.69539431091395 9.022182598251186 2.592543160358707 69.07921167299214 0.7631878556627413 0.09967716804814072 0.02864244404867403 0.0003717401792307782 0.005198906553332179 0.0 0.013342185706134475
47.04 5.774251681701078 80.69417132209445 9.02128551864016 2.5922521147364144 69.0791767709496 0.7631879974477961 0.09966732597594673 0.02863924836406218 0.0003717426642615985 0.005248890433065341 0.0 0.013362689538739642
48.0 5.774023070383616 80.69298107004292 9.020412504394125 2.591968774817442 69.0791428357001 0.7631881354898621 0.09965774788142034 0.02863613726664238 0.00037174509283090777 0.005297533645199327 0.0 0.013382650600780577
48.96 5.77380179519444 80.69182733933015 9.019566327011054 2.5916940487662883 69.07910997226458 0.7631882693477821 0.099648464176048 0.028633120730048776 0.00037174745682165057 0.005344681746131432 0.0 0.013402004922589323
49.92 5.773586678327244 80.69070409016564 9.018742553421676 2.5914265034589135 69.0790780068537 0.7631883997176615 0.0996394262259168 0.028630183019650562 0.0003717497657290783 0.005390581730089017 0.0 0.013420853459473948
50.88 5.773378081930792 80.6896133725234 9.017942682510991 2.5911666347844644 69.07904699472502 0.7631885263582404 0.09963065048059616 0.0286273295824078 0.0003717520162774544 0.0054351500588127296 0.0 0.013439161275139026
51.84 5.77317606272502 80.68855564007964 9.017167042407864 2.5909145582772886 69.07901694589913 0.7631886492099281 0.0996221405436904 0.028624561688571065 0.0003717542080286423 0.005478368432155991 0.0 0.013456920227416612
52.8 5.772980362366057 80.68752959379476 9.016414678440386 2.5906699673341764 69.0789878225698 0.7631887684229013 0.09961388594336607 0.028621875972522925 0.00037175634194078726 0.00552029003632619 0.0 0.01347415192598574
53.76 5.772790080695295 80.6865307724509 9.01568231248667 2.5904318099335777 69.07895949351378 0.7631888845077461 0.09960585071917911 0.02861926088514357 0.00037175842709433735 0.005561097498509598 0.0 0.013490930446971179
54.72 5.772605112561093 80.68555856340681 9.014969496414748 2.5901999381199645 69.0789319421614 0.7631889975367361 0.09959802995448178 0.028616714801733195 0.0003717604629967452 0.005600815792678701 0.0 0.013507266240993961
55.68 5.7724260659177355 80.68461640956268 9.01427874785979 2.589975184015446 69.07890526175197 0.7631891071052278 0.09959045127766103 0.028614246862005387 0.00037176244628091433 0.005639304606447851 0.0 0.013523100667068091
56.64 5.772251916622963 80.68369889113657 9.013606093543679 2.589756253915172 69.0788792993209 0.7631892138412213 0.09958307109481203 0.028611842860179072 0.0003717643839987364 0.00567678533710825 0.0 0.013538524875905964
57.6 5.772082912923441 80.68280759477415 9.01295268926816 2.589543538502639 69.07885409506622 0.7631893175537918 0.09957590209316997 0.0286095070889695 0.00037176627482197056 0.0057131935506174545 0.0 0.01355351131283371
58.56 5.771919329077978 80.68194382024718 9.012319491330047 2.589337342589247 69.07882968769789 0.7631894180945841 0.09956895476333966 0.028607242894515033 0.0003717681138878194 0.005748475975178026 0.0 0.01356803854929064
59.52 5.771760425041255 80.68110391149457 9.011703812827127 2.589136804160385 69.07880596994912 0.7631895158826699 0.0995621996302681 0.02860504081361266 0.00037176991009610317 0.005782782300355615 0.0 0.013582167274125003
60.48 5.771605994479168 80.68028675784652 9.011104839935943 2.588941657699432 69.07878291045724 0.7631896110474832 0.09955562776522722 0.02860289793075305 0.0003717716645887772 0.005816157874059976 0.0 0.013595916206610515
61.44 5.7714565396429744 80.67949519509922 9.010524646430746 2.5887525882334725 69.07876058629694 0.763189703253756 0.09954926192528334 0.02860082176991457 0.0003717733727177724 0.0058484871227558665 0.0 0.013609237074871952
62.4 5.7713110800015714 80.67872402298865 9.009959420607581 2.588568353672669 69.07873885083929 0.7631897931073908 0.0995430602891808 0.028598798691940142 0.0003717750434364434 0.00587998244049426 0.0 0.013622217383731003
63.36 5.771169911975476 80.67797487080853 9.009410354963496 2.588389346054737 69.078717748891 0.763189880416653 0.09953703594259086 0.02859683300249898 0.0003717766736627702 0.00591057737210958 0.0 0.01363482951892176
64.32 5.771033294197263 80.67724923311414 9.008878541545966 2.5882159279089167 69.07869732047133 0.7631899650041433 0.09953120087023423 0.028594928683788427 0.0003717782602458864 0.005940211052854824 0.0 0.01364704793361167
65.28 5.770900680077732 80.67654421416194 9.00836185767511 2.588047407782875 69.07867748388068 0.7631900472070798 0.09952553178265806 0.028593078143173422 0.00037177980919305336 0.005969001761300384 0.0 0.013658921341834258
66.24 5.770771567422998 80.67585722337012 9.007858402655259 2.587883169937401 69.07865816489006 0.7631901273252875 0.09952000782716214 0.028591274619971196 0.0003717813251225873 0.005997055399234174 0.0 0.013670493110754266
67.2 5.770646265844141 80.67518991427711 9.00736938791011 2.587723610273716 69.07863940976317 0.763190205165449 0.09951464229619053 0.028589522461867554 0.0003717828054781799 0.0060243044619498615 0.0 0.013681735360740108
68.16 5.770525016303375 80.67454372189654 9.006895861058794 2.58756907844091 69.07862125628323 0.7631902805561693 0.09950944668753264 0.028587825509878886 0.0003717842445684756 0.006050690556700923 0.0 0.01369262344491741
69.12 5.770407278921049 80.67391568767057 9.006435655943118 2.5874188638208997 69.0786036225821 0.7631903538445095 0.09950439723274185 0.028586175960006916 0.00037178565154944956 0.006076334395490958 0.0 0.013703207440618025
70.08 5.770293026406994 80.67330583902094 9.005988788145435 2.587272980235764 69.0785865066711 0.763190425023019 0.09949949410620947 0.02858457396562062 0.0003717870243775135 0.006101235091391111 0.0 0.013713486351708225
71.04 5.770182287519671 80.67271409661309 9.005555205186438 2.587131399534666 69.078569909853 0.7631904941061299 0.09949473672843523 0.0285830192158017 0.00037178836296176894 0.0061253955925128 0.0 0.013723462208986438
72.0 5.770074506687531 80.67213806471585 9.005133137415378 2.586993571885031 69.0785537557842 0.7631905613596529 0.09949010569280088 0.02858150567748666 0.00037178967452441167 0.006148914448046902 0.0 0.013733173647452699
72.96 5.76996998552268 80.67157891531349 9.004723454198583 2.5868597601122594 69.07853808431086 0.7631906266571091 0.09948561053076475 0.028580036233358246 0.000371790953658295 0.006171743260513085 0.0 0.013742602238378532
73.92 5.769868418473137 80.67103519228402 9.00432508418311 2.5867296231417534 69.0785228516873 0.7631906901640348 0.09948123949059533 0.028578607139509663 0.000371792203425675 0.006193941709674067 0.0 0.013751771980825356
74.88 5.769769579653299 80.67050575301262 9.003937188385382 2.586602890295092 69.07850802492355 0.7631907520124328 0.09947698336808863 0.0285772154241456 0.0003717934274349778 0.006215556539452661 0.0 0.013760701934551017
75.84 5.769673926417044 80.66999302986828 9.003561549318794 2.5864801434341813 69.0784936720876 0.7631908119180293 0.09947286172169506 0.028575867476950793 0.00037179461966646983 0.006236488422879385 0.0 0.013769351122164987
76.8 5.769581012173569 80.66949462158723 9.003196407755437 2.586360807452848 69.07847972617773 0.763190870161336 0.09946885524857398 0.028574556982410508 0.0003717957857892381 0.006256835391018393 0.0 0.013777760059837689
77.76 5.769490848355347 80.66901078164207 9.00284194449071 2.586244950921302 69.07846619130095 0.7631909267084845 0.09946496593607171 0.02857328469520733 0.0003717969240743113 0.006276587349152365 0.0 0.013785923888813851
78.72 5.769403287540794 80.66854057992172 9.002497481566314 2.5861323456860625 69.07845304343552 0.7631909816709158 0.09946118634320518 0.02857204810879419 0.0003717980381326529 0.0062957820893718005 0.0 0.013793858708374376
79.68 5.769318150249734 80.66808311274394 9.002162355331517 2.5860227778267655 69.0784402564408 0.7631910351530441 0.09945750918933138 0.028570844874550846 0.00037179912724625815 0.006314456586572159 0.0 0.013801579580839782
80.64 5.769235559805785 80.66763910159423 9.001837092885822 2.58591642271042 69.0784278493552 0.7631910870685573 0.09945394025932056 0.028569676918854942 0.0003718001913409678 0.0063325814617705275 0.0 0.013809074146809083
81.6 5.769155412488464 80.66720798897175 9.001521285581255 2.585813146835534 69.07841580681068 0.7631911374833579 0.09945047506940542 0.028568542775713298 0.0003718012313570406 0.006350179487030613 0.0 0.013816351813880445
82.56 5.769077301467193 80.66678757473782 9.001213322103316 2.585712422747063 69.07840406737255 0.7631911866542626 0.09944709593944806 0.028567436652731412 0.00037180225077342586 0.006367340451753037 0.0 0.01382344974096921
83.52 5.769001757868351 80.66638076699263 9.000915331362572 2.5856149493851293 69.07839271137567 0.7631912342398562 0.09944382623001947 0.028566366225959868 0.00037180324266290087 0.006383945718758279 0.0 0.013830318689652779
84.48 5.768928352556888 80.6659854029587 9.000625725448364 2.585520214481811 69.07838167615027 0.7631912804896247 0.0994406485204416 0.028565325871063342 0.0003718042185735236 0.006400083757552138 0.0 0.013836994720546099
85.44 5.768857127090351 80.66560141051123 9.00034445866595 2.5854281889948654 69.07837096431847 0.7631913254191593 0.09943756230432728 0.02856431526675206 0.0003718051694231481 0.006415757145263088 0.0 0.013843479935176303
86.4 5.768787881786602 80.66522816136198 9.000071059859053 2.585338740358239 69.0783605512776 0.7631913690909191 0.09943456241981603 0.028563332960912277 0.000371806101721696 0.006430992089656901 0.0 0.013849783594820912
87.36 5.768720729793685 80.66486589010792 8.999805709925608 2.5852519098625346 69.07835044945809 0.7631914114866553 0.09943165084543602 0.028562379403986326 0.0003718070124028025 0.006445778549482607 0.0 0.013855902859962927
88.32 5.7686554041612 80.6645133389584 8.999547483170236 2.585167403371903 69.07834062085588 0.7631914527493772 0.09942881742734533 0.028561451367386578 0.00037180790485471366 0.006460168088663392 0.0 0.013861858419310886
89.28 5.768591761509081 80.66416971831556 8.9992958014708 2.5850850309646454 69.07833104389374 0.7631914929714814 0.0994260558214177 0.02856054676521215 0.0003718087804766011 0.006474192926685211 0.0 0.01386766365675972
90.24 5.768530098050544 80.66383664637213 8.999051849653924 2.5850051815138664 69.07832176311244 0.7631915319625795 0.09942337902918612 0.02855966986833947 0.0003718096361648083 0.006487787034908523 0.0 0.013873291177936843
91.2 5.768470167602188 80.6635128070241 8.998814663433933 2.5849275400572913 69.07831274161605 0.763191569876473 0.09942077647012756 0.02855881721799191 0.0003718104744685815 0.0065010041468636925 0.0 0.013878763168720004
92.16 5.76841196668612 80.66319819863844 8.99858424106782 2.5848521069134662 69.07830397919528 0.7631916067133417 0.09941824812547319 0.028557988817846894 0.00037181129598887837 0.0065138443582065724 0.0 0.013884079605555981
93.12 5.768355701033732 80.66289392290743 8.998361389648247 2.5847791459545255 69.07829550661117 0.7631916423442074 0.09941580285113594 0.02855718756569029 0.0003718120968957208 0.00652626269461049 0.0 0.013889221905494749
94.08 5.76830100489977 80.66259804001659 8.998144687572434 2.5847081935204876 69.07828726925244 0.7631916769951661 0.09941342504905683 0.028556408369964162 0.00037181288239844084 0.006538338370598769 0.0 0.013894222723272882
95.04 5.768247852292731 80.6623104071868 8.997934030303911 2.5846392153371087 69.07827926314658 0.7631917106829385 0.09941111357224279 0.028555650854282827 0.00037181365237644597 0.006550077211526381 0.0 0.013899084475307884
96.0 5.768196118224438 80.66203035463437 8.99772892706978 2.584572051026349 69.0782714696406 0.7631917434860533 0.09940886303573422 0.028554913257455836 0.00037181440797452877 0.006561506565257356 0.0 0.013903818458874307
