time_d pH Ptot_atm pH2_atm pCO2_atm pCH4_atm CH4_g_mol H2_g_mol CO2_g_mol SO4 Formate Acetate Ca
0.0 7.0 1.6030374468062984 0.0 1.6030374468062984 0.0 0.0 0.0 0.0 0.00037000000000001837 0.0 9.999999999999995e-07 0.004099999999999995
0.96 6.009953234548776 79.22638895204685 9.097743666646139 1.1755216081289461 68.95073059335739 0.7572262641210423 0.09991265341699034 0.012909737548196406 0.0003722251713644651 0.00010524035683800079 7.28727133636992e-12 0.008871051856834927
1.92 6.008682052174046 79.22171157624744 9.094271128563243 1.174453216835477 68.95059362234267 0.7572267837434351 0.09987478447086 0.012898038803149854 0.0003722302504074477 0.00029757270430537174 4.6482132406761114e-18 0.008946580841688603
2.88 6.007458001610795 79.21716861331208 9.090899701905414 1.1734134047290308 68.95046139432317 0.7572272897742435 0.09983801708754453 0.012886652739943405 0.0003722352941523513 0.00048431019133475235 2.6163333223141952e-21 0.009020090290925254
3.84 6.006277020416466 79.21274867077801 9.087620802540844 1.1723997721688826 68.95033349879886 0.7572277833527632 0.09980225775666537 0.012875553106610342 0.00037224030475333224 0.000665927748210143 2.4414817211839155e-24 0.009091749746852755
4.8 6.00513849096231 79.20845283472823 9.08443511793772 1.1714127575271924 68.95020989562671 0.7572282642379778 0.09976751407079981 0.012864744725706489 0.00037224527255414093 0.0008423868163200996 9.432206273767347e-25 0.009161528138238374
5.76 6.004040313459145 79.20427645152053 9.081339086142298 1.1704514710948686 68.95009038184334 0.7572287328385697 0.09973374727435562 0.012854217875574912 0.00037225019295960887 0.0010138842343240292 0.0 0.00922948828250681
6.72 6.002980974150878 79.20021691145035 9.0783306665421 1.169515481276687 68.94997481921693 0.7572291893387292 0.09970093519564908 0.012843967849635434 0.00037225506050783945 0.0011805326120414791 0.0 0.009295660611839078
7.68 6.001959242718518 79.19627211062215 9.075408211934983 1.1686044460841993 68.9498630924452 0.7572296338842711 0.09966905994391723 0.012833990920049667 0.0003722598717250579 0.001342422823840167 0.0 0.009360069273562956
8.64 6.000972934500674 79.19243665962864 9.072567631504112 1.1677172776681166 68.94975498979085 0.7572300669850608 0.09963807697858146 0.012824275191677644 0.0003722646213715945 0.0014997810866177479 0.0 0.009422791078038822
9.6 6.000021223519382 79.1887096744427 9.069808192936367 1.1668538950965124 68.94965044005448 0.7572304886609492 0.0996079783751917 0.012814819793049093 0.00037226931240767595 0.0016526476571168173 0.0 0.009483831723907021
10.56 5.999102701480667 79.18508812791998 9.067127576282346 1.166013724805206 68.94954930895013 0.7572308991751965 0.09957873889463686 0.012805618457816546 0.0003722739337444429 0.0018011507276215156 0.0 0.00954323170461955
11.52 5.998215234422231 79.18156592576021 9.064521197671763 1.1651954703782876 68.94945138152262 0.7572312991442938 0.0995503085972671 0.012796657001833254 0.0003722784912228581 0.0019455439396441352 0.0 0.009601082623186666
12.48 5.997358210968032 79.1781427327873 9.061988743183733 1.164399159379363 68.94935660863742 0.7572316885385847 0.09952268411240918 0.012787935739473835 0.0003722829789322146 0.00208584441922011 0.0 0.009657382496191616
13.44 5.996530391737627 79.17481555022836 9.059527933314417 1.1636241919204402 68.94926487035092 0.7572320676371405 0.09949584062507803 0.012779448112418927 0.00037228739672387365 0.0022221782059567317 0.0 0.009712173706545065
14.4 5.995730768305433 79.17158221612456 9.057137111010709 1.1628701576495482 68.9491760716436 0.7572324366284137 0.09946976010749124 0.012771189637514333 0.00037229174147099806 0.0023546368680671683 0.0 0.009765485234301801
15.36 5.994958178863147 79.16843988510337 9.054814116715523 1.1621364828042653 68.94909009993776 0.7572327957807488 0.09944441904809671 0.012763154041325072 0.0003722960134175352 0.002483339823319174 0.0 0.009817357607633772
16.32 5.994211312798766 79.16538486684286 9.052556172676274 1.1614223851986158 68.94900682427408 0.7572331454648629 0.0994197871858286 0.01275533276645416 0.00037230021288012075 0.0026084407699264772 0.0 0.009867846103619198
17.28 5.993489434324987 79.16241576944095 9.050362202225624 1.1607276164399323 68.94892617746684 0.7572334857915215 0.09939585281493149 0.012747723101495086 0.00037230434521304885 0.002729999165998319 0.0 0.009916968255059094
18.24 5.992791831030085 79.1595310096645 9.048230995572192 1.160051871570373 68.94884809070797 0.7572338169001044 0.09937260277291364 0.01274032171437168 0.00037230838891166065 0.002848081869919804 0.0 0.00996474561675955
19.2 5.992117194987718 79.15672672219682 9.046159651478526 1.159394315801311 68.94877243413849 0.7572341391902757 0.09935000544374638 0.01273311946994432 0.000372312365527488 0.0029628494596948434 5.969200048843084e-25 0.010011237173876992
20.16 5.99146469385443 79.15400085258331 9.044146612958412 1.1587545322854476 68.94869912676498 0.7572344528582501 0.09932804387583226 0.012726111810204686 0.00037231627054282277 0.003074388035056873 8.081934945770418e-25 0.01005647236795611
21.12 5.990833872987472 79.15135242640137 9.042191131952617 1.158132337821628 68.94862812521858 0.757234757985987 0.09930670993259202 0.0127192967343364 0.0003723200956393557 0.0031827389311848216 5.822341911605551e-25 0.010100464173009584
22.08 5.990223812843995 79.14877894900789 9.040291329038888 1.1575272074576124 68.94855933882594 0.7572350548228446 0.09928598314164429 0.012712668499572529 0.0003723238489787643 0.0032880061268927125 0.0 0.010143249665767814
23.04 5.9896333932918076 79.14627683050182 9.03844452127018 1.1569383479400308 68.94849265341034 0.7572353437498949 0.09926583425744749 0.012706218423152352 0.00037232753006088954 0.0033903381601362486 0.0 0.010184884912976751
24.0 5.989062620770114 79.14384708864795 9.036651432227298 1.156366044102453 68.94842807829755 0.7572356246221494 0.09924627119868869 0.012699949630543817 0.00037233113500767875 0.00348969482131469 0.0 0.010225349770797445
24.96 5.988509868071456 79.14148384779571 9.034907696949102 1.1558089584032272 68.94836543966674 0.7572358980890952 0.09922724636661119 0.012693847476387486 0.0003723346711928751 0.003586317859179418 0.0 0.010264738784516388
25.92 5.987974881289629 79.13918684714838 9.03321309951054 1.155267066609234 68.94830471675726 0.7572361641578595 0.09920875742504974 0.012687911699859337 0.00037233813538578136 0.0036802191458400677 5.045056279155364e-25 0.010303053667062472
26.88 5.987457155684295 79.13695480067105 9.031566667399135 1.1547401042605474 68.94824586028362 0.7572364229515357 0.0991907937836989 0.01268213940877175 0.00037234152825041535 0.003771452472116353 0.0 0.010340313105477584
27.84 5.986955949656926 79.1347854320831 9.029966696748174 1.1542275734028604 68.94818879546914 0.7572366747092469 0.09917333687272684 0.012676525153309312 0.0003723448512048332 0.0038601121539960006 0.0 0.0103765522859557
28.8 5.986470938453304 79.13267787361553 9.028412531474471 1.1537292941725419 68.94813349035032 0.7572369195155596 0.09915637954745887 0.012671066966573096 0.0003723481041727143 0.003946234486526054 0.0 0.010411783943368171
29.76 5.986001189193125 79.13062902066342 9.026901857985633 1.1532445719819735 68.9480798481096 0.7572371577074262 0.0991398965847484 0.01266575724453574 0.00037235129466886465 0.004029947574788478 0.0 0.01044605715516533
30.72 5.985546585850863 79.12863895364774 9.025434719801822 1.1527734520279267 68.94802786039143 0.7572373892591194 0.09912388847429213 0.012660596485653491 0.0003723544061105233 0.004111248937578675 0.0 0.010479368728667693
31.68 5.985106098506369 79.12670387178802 9.024008295687317 1.1523150639833635 68.9479774175548 0.757237614592334 0.09910832444741513 0.01265557515960644 0.0003723574580724858 0.004190294844818191 0.0 0.0105117801864569
32.64 5.984680004456889 79.12482553255636 9.022623866662412 1.1518698477164635 68.94792855627911 0.7572378334885276 0.0990932184946389 0.012650698087839626 0.0003723604406322023 0.00426701424833635 0.0 0.01054326043170922
33.6 5.984266826837731 79.12299809042315 9.021277107407862 1.151436445104192 68.94788111388104 0.7572380466128648 0.09907852343552871 0.012645950396223207 0.00037236336318276035 0.00434164676943456 0.0 0.010573905470410493
34.56 5.983866632548853 79.1212222994083 9.019968561125959 1.1510150547103288 68.94783510262957 0.7572382538626886 0.09906424520745276 0.0126413342623873 0.0003723662216374354 0.00441416225779528 0.0 0.010603701267757833
35.52 5.983478920034899 79.1194964817474 9.018696977525241 1.15060530104595 68.94779047033084 0.7572384554217686 0.09905037018005722 0.012636845575789984 0.00037236901834853943 0.004484629943026621 0.0 0.010632674363214193
36.48 5.983103334772628 79.11781949262408 9.01746150153884 1.1502069305921863 68.94774718060533 0.7572386514109117 0.09903688903272169 0.01263248156151446 0.0003723717536183919 0.0045530971660772464 0.0 0.010660842682236831
37.44 5.9827396498692895 79.11619078813162 9.016261720629947 1.1498198335538872 68.94770521177837 0.7572388418818452 0.09902379727456558 0.01262824101918766 0.00037237442678060713 0.004619586738543117 0.0 0.010688213982883468
38.4 5.982386984404367 79.1146069417431 9.015095097603169 1.1494432161081303 68.94766446798438 0.7572390272211694 0.09901106723043412 0.01262411525509184 0.00037237704430615864 0.0046842392169718266 0.0 0.01071484437725585
39.36 5.982046079793985 79.11307153528392 9.01396426360779 1.1490779414803889 68.94762503695856 0.7572392070040701 0.09899872761803244 0.012620113727309727 0.00037237959678333634 0.004746908758376408 0.0 0.01074067284773139
40.32 5.981714861457982 79.11157575638009 9.012862715601857 1.1487219337445504 68.94758668447213 0.7572393822488565 0.09898670748688156 0.012616213696744608 0.0003723820991311456 0.00480795570167916 0.0 0.010765846147516103
41.28 5.9813938629905605 79.11012226785657 9.011792407688214 1.1483758375741118 68.94754947477668 0.7572395526364156 0.09897502816620352 0.012612422227175171 0.0003723845458678952 0.004867271725676204 0.0 0.010790318704220222
42.24 5.981082684242531 79.10870963838985 9.010752276580012 1.1480393272558458 68.94751336538383 0.7572397183252229 0.09896367806133105 0.012608735752251613 0.00037238693884980546 0.004924915718797774 0.0 0.010814113539557482
43.2 5.980781073758131 79.10733698498255 9.009741665262673 1.1477122032011897 68.94747832979573 0.757239879411716 0.09895265000855112 0.012605152086868625 0.0003723892772154674 0.0049809240670439054 0.0 0.01083724476908993
44.16 5.98048870359227 79.10600322340424 9.008759765813508 1.147394222672292 68.947444334305 0.7572400360135385 0.09894193519968753 0.012601668573634489 0.0003723915648612319 0.005035341505946354 0.0 0.010859729541977106
45.12 5.980205337954338 79.10470749921436 9.007805943501427 1.1470851912401987 68.94741135353502 0.7572401882251831 0.09893152671363582 0.01259828308379233 0.00037239380089620623 0.005088203189138407 0.0 0.0108815816093523
46.08 5.979930671176084 79.10344856542609 9.006879276069656 1.1467848182411815 68.94737935329807 0.7572403361885334 0.09892141449025817 0.012594992434044383 0.00037239598431325924 0.005139560213024185 0.0 0.01090282153267559
47.04 5.9796649714925785 79.10222813943605 9.005981016542503 1.1464935312794544 68.9473483704541 0.7572404796907132 0.09891161221198794 0.012591801310847299 0.0003723981177573093 0.005189343087791778 0.0 0.010923419054466052
48.0 5.979406967484676 79.10104053694397 9.005106977014485 1.1462099802723604 68.94731825819461 0.757240619395764 0.09890207418182433 0.012588694924590268 0.00037240020477189334 0.0052377838985121425 0.0 0.010943469636071856
48.96 5.979156270885002 79.0998841061334 9.00425593819288 1.1459337766487552 68.94728897241369 0.7572407554943091 0.09889278709766844 0.012585669019196619 0.00037240224858624515 0.005284950205519858 0.0 0.010963000756981466
49.92 5.978913232284752 79.09876072812827 9.003429278138336 1.1456653796566294 68.94726055705655 0.7572408877581404 0.0988837660026898 0.01258272862702811 0.00037240424630911254 0.005330765610119152 0.0 0.010981979940259796
50.88 5.978677648970803 79.09766964909709 9.002626437682723 1.1454046165053051 68.94723299016799 0.7572410162737261 0.0988750047995372 0.012579871856113365 0.00037240619903648926 0.0053752610818239635 0.0 0.011000419403080918
51.84 5.978449294074642 79.09660998376351 9.001846761363245 1.1451512822293075 68.94720624680876 0.7572411411384129 0.09886649633830664 0.012577096461733467 0.00037240810523172775 0.005418472933750362 0.0 0.011018333638773034
52.8 5.978228156013265 79.09558201841784 9.001090452086713 1.1449054574156574 68.94718032976269 0.7572412623119942 0.09885824283940438 0.012574403328121358 0.00037240996978579874 0.005460389889412436 0.0 0.01103571693315069
53.76 5.978013202227056 79.09458090322187 9.00035394210265 1.144665981677935 68.94715511693106 0.757241380366156 0.09885020536893852 0.012571779742849589 0.0003724117935883601 0.005501209686261981 0.0 0.011052651349003564
54.72 5.9778044830659365 79.09360713301635 8.99963758969955 1.1444329827682242 68.94713061712726 0.7572414952365492 0.09884238784154399 0.012569227106542196 0.00037241357904856847 0.0055409124429761395 0.0 0.011069127842166527
55.68 5.977602004512405 79.09266087526663 8.998941514609564 1.1442065061381514 68.94710683263237 0.7572416069004472 0.09883479156675533 0.012566745917835494 0.0003724153249763486 0.00557949151057568 0.0 0.011085143199058326
56.64 5.977406165480295 79.09174411035029 8.998267170671433 1.1439870304386563 68.94708381148627 0.7572417151204208 0.0988274324127486 0.012564341421237774 0.0003724170278144912 0.005616866301277859 0.0 0.011100663580445343
57.6 5.977215625051637 79.09085073829469 8.99761006708605 1.1437731017899833 68.94706139787293 0.757241820614356 0.09882026137514263 0.012561997689394758 0.0003724186968867873 0.005653285693995442 0.0 0.011115791773873668
58.56 5.977031175374023 79.08998454124446 8.996972983645279 1.1435656287798739 68.94703968586235 0.7572419229320587 0.09881330879119019 0.012559724676862337 0.000372420326924684 0.005688595616819996 0.0 0.011130463545202382
59.52 5.976852288735739 79.08914324098482 8.996354240573291 1.1433640729291177 68.94701861528652 0.7572420223375943 0.09880655633296849 0.01255751648501687 0.0003724219193702069 0.005722889151458782 0.0 0.011144716957942785
60.48 5.976678460885481 79.08832450492199 8.995752121021342 1.143167877216823 68.94699812722618 0.7572421191076689 0.09879998526590912 0.012555367011684953 0.00037242347894609056 0.0057562614475267825 0.0 0.011158591401459196
61.44 5.976509552316788 79.0875277588098 8.995166200703219 1.1429769072763547 68.94697820603257 0.757242213305749 0.09879359096095822 0.01255327478513056 0.00037242500605705586 0.00578873601464294 0.0 0.0111720963770347
62.4 5.9763459691709375 79.08675513699836 8.994598044443812 1.14279168225076 68.94695890223933 0.7572423046759663 0.09878739049930477 0.012551245493805943 0.00037242649850820935 0.00582022610315119 0.0 0.011185195167686237
63.36 5.976186848239185 79.08600250506427 8.994044612735454 1.1426112096180874 68.94694011312184 0.7572423937071977 0.09878135070950432 0.01254926826381997 0.0003724279604462943 0.005850900182489184 0.0 0.01119795796209515
64.32 5.976032636589612 79.08527219461354 8.993507615592998 1.1424360559627238 68.94692189385401 0.7572424801208123 0.0987754902576906 0.012547349303423296 0.0003724293892597417 0.005880663453346019 0.0 0.011210344687397084
65.28 5.975882736338856 79.08456138238144 8.992984976533071 1.142265544817593 68.94690417389167 0.7572425642483792 0.09876978648247232 0.012545481201444598 0.0003724307892034543 0.005909631006295203 0.0 0.011222403179147184
66.24 5.975737257308358 79.08387066729651 8.992477134024984 1.1420998227585677 68.9468869671588 0.7572426460182703 0.09876424417077258 0.012543665564145092 0.0003724321588654141 0.005937778531499818 0.0 0.011234123073466693
67.2 5.97559605087098 79.08319944011173 8.991983638189808 1.141938747159295 68.94687025685431 0.7572427254997622 0.09875885841477398 0.012541900829326841 0.0003724334991969226 0.005965130954244896 0.0 0.011245514451849821
68.16 5.975459032584206 79.08254733840378 8.991504221384663 1.1417822326146319 68.94685403356982 0.7572428027349698 0.0987536262944605 0.01254018606154451 0.0003724348106658874 0.005991703105555489 0.0 0.011256583355595077
69.12 5.975326577108816 79.08191625762286 8.991040274635788 1.1416307380423438 68.94683834295313 0.7572428774971942 0.0987485629928242 0.012538526289133855 0.0003724360902521629 0.006017417876537345 0.0 0.01126729733344569
70.08 5.97519779513699 79.0813020094953 8.990588717775399 1.1414832598371936 68.94682308016064 0.7572429502811792 0.09874363489537828 0.012536910516861224 0.00037243734423061107 0.006042445984411735 0.0 0.01127772734440364
71.04 5.975073151744683 79.08070684500149 8.990151204772909 1.1413403399117603 68.94680830046919 0.7572430208192751 0.09873886005375744 0.012535344682135229 0.00037243856932075097 0.006066695752091661 0.0 0.011287835076302492
72.0 5.974951663396616 79.0801261267981 8.98972432536739 1.1412008667061835 68.94679388797678 0.757243089659322 0.09873420125080298 0.01253381660693054 0.0003724397715267312 0.006090356192946535 0.0 0.011297699118663225
72.96 5.974833989706858 79.0795631683332 8.989310511778069 1.1410656413578353 68.94677992302438 0.7572431564061398 0.09872968503332652 0.012532335069089368 0.00037244094971991163 0.006113292484519555 0.0 0.011307262818088104
73.92 5.974719772074113 79.07901612717586 8.988908412112117 1.1409342176575434 68.94676636114929 0.7572432212795679 0.0987252966459359 0.012530895179667793 0.000372442099308265 0.006135579566699475 0.0 0.01131655773970361
74.88 5.974608464545018 79.07848252890163 8.988516204679083 1.1408060056633853 68.94675313934593 0.7572432845705684 0.09872101620938666 0.012529490475669288 0.0003724432301843429 0.006157318398626633 0.0 0.011325625584721723
75.84 5.974500848362429 79.07796598392619 8.988136545571589 1.1406818690489686 68.94674034856791 0.7572433458532228 0.09871687271004359 0.012528130419326478 0.0003724443319210018 0.006178361771443119 0.0 0.011334405306377773
76.8 5.974395886115596 79.07746212363402 8.98776621207028 1.140560776983846 68.94672787333502 0.7572434056343127 0.09871283098429812 0.012526803718436647 0.0003724454202849916 0.006198888262101688 0.0 0.011342969731136026
77.76 5.9742940291793944 79.07697253218319 8.98740637961038 1.1404430924195725 68.94671575960776 0.7572434637361942 0.0987089038531501 0.012525514348061975 0.00037244648357405885 0.0062188327652183606 0.0 0.01135129325828757
78.72 5.974195253351157 79.07649734161713 8.987057140213274 1.1403288549526636 68.94670400779597 0.7572435201390114 0.0987050923243807 0.01252426274276906 0.0003724475242170703 0.006238190160717774 0.0 0.01135937306736516
79.68 5.974099571642609 79.07603665644378 8.986718569839434 1.1402180912537838 68.94669261978069 0.7572435748289311 0.098701397227851 0.012523049194949317 0.00037244854256623266 0.0062569562341266574 0.0 0.011367207272057776
80.64 5.974006647871881 79.07558890793507 8.986389514486818 1.140110425808999 68.94668155621969 0.7572436279913587 0.09869780596982561 0.01252186959059832 0.00037244954079939703 0.0062751949448226554 0.0 0.011374822420578766
81.6 5.9739161624824995 79.07515258316175 8.986068861668398 1.1400054957490142 68.94667077941693 0.7572436798053214 0.09869430640930314 0.012520719954171883 0.00037245052146581505 0.006292967952959567 0.0 0.011382244168965884
82.56 5.9738282585241524 79.07472835195986 8.985757104079452 1.1399034617957942 68.94666030584672 0.7572437301910961 0.09869090392352442 0.012519602046574884 0.00037245148272573394 0.006310247950141054 0.0 0.011389461158330347
83.52 5.9737428654074956 79.07431596930813 8.985454059612184 1.1398042680537381 68.94665012846187 0.7572437791759818 0.09868759652633456 0.01251851525571135 0.0003724524257767045 0.006327045022825439 0.0 0.01139647733384871
84.48 5.973660085038353 79.0739158958439 8.985160067287765 1.1397080245316227 68.9466402589098 0.7572438267059047 0.09868438791757608 0.012517460786834717 0.0003724533497119849 0.006343340381954464 0.0 0.011403284923092366
85.44 5.973579554008097 79.07352644775085 8.984873888298106 1.139614328451694 68.94663065481906 0.7572438729795812 0.09868126457806535 0.012516434227243174 0.0003724542568275011 0.006359202686297441 0.0 0.011409912399040469
86.4 5.9735014034268765 79.07314823343182 8.984595970128375 1.139523325559675 68.94662133141263 0.7572439179249424 0.09867823139146191 0.012515437173744953 0.00037245514642295807 0.006374607134300218 0.0 0.011416349461524814
87.36 5.973425465310648 79.07278051849636 8.984325771634705 1.1394348416771858 68.94661226955604 0.7572439616274973 0.09867528245293279 0.01251446771823974 0.00037245601945428954 0.006389583713891099 0.0 0.01142260841998516
88.32 5.973351822381872 79.07242366507553 8.984063559522868 1.139348962884542 68.94660347862705 0.7572440040450531 0.0986724206729297 0.01251352680379087 0.0003724568754993934 0.006404117645030694 0.0 0.011428683193920762
89.28 5.973280204453646 79.07207643299908 8.983808421115029 1.1392653928717762 68.94659492733813 0.7572440453239204 0.09866963609147189 0.012512611184152518 0.0003724577162283298 0.0064182595105468756 0.0 0.011434594728586923
90.24 5.973210792612857 79.07173969452072 8.983560997442023 1.1391843415748906 68.94658663704567 0.7572440853599293 0.09866693570488451 0.012511723159473052 0.00037245854080658126 0.006431973778931689 0.0 0.011440328182998904
91.2 5.973143321692592 79.07141210669548 8.983320302783149 1.1391054840593893 68.94657857536012 0.7572441243138249 0.0986643087543428 0.012510859169544431 0.0003724593492735305 0.00644531509146312 0.0 0.011445906538378145
92.16 5.973077702708547 79.07109346626675 8.983086183341685 1.1390287784261615 68.94657073468048 0.7572441622063 0.09866175356444963 0.012510018755952321 0.0003724601459727105 0.006458291954725777 5.047092269600057e-24 0.01145133273604799
93.12 5.973013936122289 79.07078359311951 8.982858510233049 1.1389541758472281 68.94656311260944 0.7572441990615167 0.09865926872614514 0.012509201383245485 0.0003724609277120037 0.006470911527216622 0.0 0.01145661024773789
94.08 5.972952000873441 79.07048246078153 8.982637262449584 1.1388816723101032 68.94655570768519 0.7572442348808228 0.09865685401110116 0.012508407007679965 0.0003724616955395481 0.006483174967905974 0.0 0.01146173935118391
95.04 5.972891984218566 79.07019050462523 8.982422759794702 1.1388113731657685 68.94654853015871 0.7572442696115925 0.09865451291026639 0.012507636783613153 0.00037246244908056294 0.00649506454734497 0.0 0.01146671259762635
96.0 5.9728341400191685 79.06990895146228 8.982215903469957 1.138743573630301 68.94654161052175 0.7572443031090667 0.09865225525926812 0.01250689394554566 0.0003724631853569155 0.006506530315059314 0.0 0.011471509116919817
