time_d pH Ptot_atm pH2_atm pCO2_atm pCH4_atm CH4_g_mol H2_g_mol CO2_g_mol SO4 Formate Acetate Ca
0.0 7.0 3.4726609470842873 0.0 3.4726609470842873 0.0 0.0 0.0 0.0 0.00037000000000000016 0.0 9.999999999999995e-07 0.0041
0.96 5.803710742566837 80.79114074740293 9.112965791547978 2.5966511754915853 69.0802877829434 0.7630654115428465 0.10066242071758813 0.028682780015103732 0.0003713391865500778 0.00012397678460032198 5.825834633406102e-12 0.011217507599006549
1.92 5.802633378081245 80.7863950510945 9.109458273842662 2.5955643081807316 69.08013631506411 0.763065935202854 0.10062396613137715 0.02867085694746395 0.00037134741637864744 0.0003192819241287433 5.155515583546161e-16 0.011294055642887223
2.88 5.80159276154426 80.7817823215101 9.106050134328376 2.594506106189853 69.07998977600835 0.7630664453086674 0.1005866001041955 0.02865924789799138 0.00037135546673276693 0.0005090581269432314 2.0150708748898622e-22 0.01136858596371453
3.84 5.800587822327635 80.77730054314257 9.102739776507702 2.5934762804109925 69.07984803569498 0.7630669419765446 0.1005503052249023 0.028647949737317987 0.00037136333893283903 0.000693393840415986 0.0 0.011441118785366406
4.8 5.799617736215872 80.77294856459118 9.099526251928285 2.5924747258106824 69.0797109960618 0.7630674252346931 0.10051507118089717 0.028636961352213774 0.00037137103044332164 0.0008723414610905726 0.0 0.011511661393719888
5.76 5.798679937920184 80.7687173694518 9.096402807831382 2.591499521509896 69.07957831394472 0.7630678959862981 0.10048082401525353 0.02862626170559061 0.00037137855352282524 0.0010462766192181924 0.0 0.011580348946874422
6.72 5.797773692328236 80.76460579750064 9.09336850484492 2.590550533691975 69.07944990217946 0.763068354276224 0.10044755350023253 0.028615849362031563 0.0003713859067697545 0.0012152512789136316 0.0 0.011647190787524688
7.68 5.7968989934235795 80.76061577422504 9.090424689234915 2.589628328130107 69.07932577419326 0.763068799814282 0.10041527446414762 0.02860573055924025 0.000371393080043167 0.001379190152770198 0.0 0.011712147012068493
8.64 5.796052557862829 80.75673459750088 9.08756190637653 2.5887301036555366 69.07920548315961 0.7630692339347184 0.1003838833079722 0.028595874594136626 0.0003714000975084215 0.0015386194117921676 0.0 0.011775414779478872
9.6 5.795235311640221 80.75296827429227 9.084784521240207 2.5878573571485397 69.0790891743072 0.7630696558987445 0.10035342795331188 0.02858629791789562 0.00037140694156652935 0.001693295691116674 0.0 0.011836888607913036
10.56 5.794445045563862 80.74930828591968 9.082086190156208 2.5870082145191384 69.0789765463832 0.7630700665976938 0.10032383889347488 0.028576979990664463 0.0003714136275963725 0.0018435720198716552 0.0 0.011896700451603053
11.52 5.7936800402581055 80.74574841169377 9.07946226449034 2.5861813340590114 69.07886736877725 0.7630704666661507 0.1002950652078837 0.028567906114143112 0.00037142016462546486 0.00198970702549731 0.0 0.011954944729191496
12.48 5.792940724530906 80.74229202965118 9.076915182884273 2.585377582628567 69.0787617140725 0.7630708556735175 0.10026713368368764 0.028559085821290346 0.00037142653752769933 0.002131564681220237 0.0 0.012011560361868455
13.44 5.792225235104843 80.73893217911137 9.074439755308106 2.584595440403004 69.07865933115987 0.7630712343419255 0.10023998745922476 0.0285505024574167 0.0003714327648473342 0.0022694337838488634 0.0 0.012066654292862791
14.4 5.791533585682158 80.73567001559148 9.072036792697318 2.5838352418321575 69.07856023016335 0.7630716024991138 0.10021363546488378 0.028542159709395692 0.00037143883562226624 0.002403268997649766 0.0 0.012120202975641816
15.36 5.790863982868488 80.73249852005796 9.0697010747019 2.5830954319459343 69.07846416710075 0.763071960886677 0.10018802049505138 0.02853404053180791 0.00037144476587755085 0.0025333608668983323 0.0 0.012172315866699075
16.32 5.790215963619207 80.72941668392562 9.067431817190618 2.5823758428457158 69.07837108534012 0.7630723095768038 0.10016313398782621 0.02852614309862152 0.00037145055260514605 0.0026597528888392895 0.0 0.012223004758881327
17.28 5.789588888157296 80.72642257165467 9.065227556031743 2.5816760850753733 69.07828090282874 0.7630726487487929 0.10013895992042818 0.028518463150901698 0.0003714561990474452 0.0027825264524569235 0.0 0.012272297057368459
18.24 5.788982472382656 80.72351586974975 9.063088024345662 2.580996144141414 69.07819358739508 0.7630729784015917 0.10011549539887912 0.02851100054413241 0.00037146170179956113 0.002901696269100903 0.0 0.012320193761081491
19.2 5.788395091279061 80.72068991436362 9.061008279080466 2.5803345226529073 69.07810891539405 0.7630732992525867 0.10009268624522621 0.028503738858761462 0.0003714670744623132 0.0030175375035269045 0.0 0.012366800293718973
20.16 5.787826432459815 80.71794404473135 9.05898780483179 2.579691113277711 69.07802684874608 0.7630736113472221 0.10007052683375674 0.028496676928589402 0.00037147231471401843 0.003130078740197244 0.0 0.012412124209293902
21.12 5.787275969092739 80.71527673637361 9.057025445792807 2.5790656135414123 69.07794732116966 0.7630739148243441 0.10004900451747664 0.028489811446901405 0.00037147742593750455 0.0032393842182794315 0.0 0.012456186767732282
22.08 5.7867435818634645 80.71268818470172 9.055121319507652 2.578458112246364 69.0778703217064 0.7630742096352309 0.10002812061027463 0.028483143399183466 0.0003714824086151133 0.003345447277329275 0.0 0.012498981708313055
23.04 5.786228306712061 80.71017439603517 9.05327246413324 2.5778677105566157 69.07779571721332 0.7630744962098374 0.10000784264900404 0.028476662929231802 0.0003714872583536943 0.0034484328002296707 0.0 0.01254057234863987
24.0 5.785729073980495 80.70773111000202 9.051475715629852 2.577293457746459 69.07772336192465 0.7630747750033453 0.09998813595773111 0.02847035961346657 0.0003714919927811939 0.003548516901313368 0.0 0.012581025599163248
24.96 5.785245655204718 80.70535794000389 9.049730765814772 2.576735301930031 69.07765322927226 0.763075046035903 0.09996899717804929 0.028464232891937304 0.0003714966122281443 0.0036457166453670764 0.0 0.012620345092463488
25.92 5.784777245162566 80.70305131095117 9.048034971813284 2.5761924245295664 69.07758520550308 0.7630753097007181 0.09995039733609232 0.028458273785241527 0.0003715011114834832 0.003740179194982075 0.0 0.012658588528675482
26.88 5.78432306826503 80.70080829375932 9.046386152696103 2.575664181194871 69.07751918669548 0.7630755663053956 0.0999323125348083 0.028452475231061872 0.00037150550582687263 0.003832025918805946 0.0 0.012695801229382766
27.84 5.7838830246840605 80.69862885943736 9.044784271467707 2.575150590475181 69.077455162287 0.7630758158372263 0.09991474238321124 0.028446837439470695 0.0003715097905216672 0.0039212588122458135 0.0 0.012731981897534278
28.8 5.783456908946798 80.69651251623392 9.043228949200664 2.574651564203595 69.07739310758798 0.7630760583345444 0.09989768274022627 0.028441359449450965 0.00037151396523311253 0.00400789891462579 0.0 0.012767136738730565
29.76 5.783043888943185 80.6944557304951 9.041717570513189 2.5741663000390633 69.07733290654562 0.7630762941840182 0.09988110493651223 0.02843603246102462 0.0003715180369047728 0.004092091833757055 0.0 0.0128013222450476
30.72 5.782643663068499 80.69245743134653 9.040249334068866 2.5736945680392815 69.07727451951872 0.7630765234936178 0.09986500019500645 0.028430853955623857 0.00037152200677335786 0.004173882152908768 0.0 0.012834554616026497
31.68 5.782256113343756 80.69051753917715 9.0388241652816 2.5732363754628738 69.07721793420315 0.7630767462562501 0.09984936771194963 0.02842582401928537 0.0003715258730615128 0.004253273960058341 0.0 0.01286683332400303
32.64 5.781880802849493 80.68863442149548 9.03744084773103 2.572791364482842 69.07716309228933 0.7630769626422969 0.09983419415962021 0.028420938730533144 0.0003715296393304301 0.004330334946528959 0.0 0.012898183547470876
33.6 5.781517299087996 80.68680596031234 9.036097822148509 2.572359039938673 69.07710993015684 0.7630771728910458 0.09981946243945604 0.028416192655515832 0.00037153330980127817 0.00440515196217292 0.0 0.012928640224883336
34.56 5.781164394430713 80.685026825454 9.034791151764392 2.571938176914065 69.07705827914269 0.7630773775940372 0.09980512938676471 0.028411572355150974 0.0003715368931150267 0.004477944223912849 0.0 0.012958289569011143
35.52 5.780822340120703 80.68329845594414 9.033521887310583 2.571529126005272 69.07700817697662 0.763077576579363 0.0997912065341561 0.02840708168122543 0.00037154038342322574 0.004548653170146045 0.0 0.012987106910467923
36.48 5.780490915364774 80.681620247684 9.032289569629496 2.5711317688562727 69.07695959703857 0.7630777699000543 0.09977768885741956 0.028402719340087507 0.000371543788695857 0.004617304318725458 0.0 0.013015100550952901
37.44 5.780169759079863 80.67999054982106 9.03109298037041 2.570745724670917 69.07691248757155 0.7630779577417929 0.09976456299898695 0.028398481154045124 0.0003715471036748166 0.00468396551615535 0.0 0.013042297336606655
38.4 5.779858021463653 80.67840538852262 9.029929191376283 2.5703700688258557 69.07686672740188 0.7630781405501365 0.09975179684762903 0.02839435697612474 0.000371550338712005 0.004748799846001424 0.0 0.013068762388587245
39.36 5.779555776714635 80.67686544654927 9.028798694669428 2.570004978342702 69.0768223302544 0.7630783182390702 0.09973939580943074 0.028390348753570126 0.00037155349296642034 0.004811779857683941 0.0 0.013094483228213714
40.32 5.779263165294766 80.67537162990966 9.027702149102318 2.569650678169066 69.07677931835615 0.7630784906967044 0.0997273671178621 0.02838645895867343 0.00037155656096649856 0.004872868820382665 0.0 0.013119444021721645
41.28 5.778979179533446 80.67391923799931 9.026636091285914 2.5693060741406026 69.0767375485119 0.7630786584518492 0.09971567279126868 0.028382675583556526 0.0003715595585789255 0.004932259628166466 0.0 0.013143721806901392
42.24 5.778703601002375 80.67250725216745 9.025599769822925 2.5689709303528168 69.07669698934173 0.763078821619311 0.09970430459107403 0.028378996039928904 0.0003715624808181036 0.0049899941280229804 0.0 0.01316733322304787
43.2 5.778436854113756 80.67113802844483 9.02459490828631 2.56864581545326 69.07665770471408 0.7630789799219921 0.0996932814304298 0.0283754265734588 0.0003715653226097967 0.005045976272507087 0.0 0.013190238219144343
44.16 5.778177725502723 80.6698056648861 9.023617165761275 2.5683293432805074 69.07661951958816 0.7630791340326004 0.09968255569816839 0.028371951968933003 0.00037156809862601715 0.0051004478605135095 0.0 0.01321253441628491
45.12 5.777927012076308 80.66851440514529 9.022669651684014 2.568022529452747 69.07658255267395 0.7630792834528632 0.09967216150849652 0.028368583378818195 0.00037157079846949755 0.0051532356432930715 0.0 0.01323415028064039
46.08 5.777683291508475 80.66725716374913 9.0217471598757 2.567723701793643 69.07654659665346 0.7630794289994177 0.09966204175704642 0.02836530244685933 0.0003715734371153571 0.005204629633898248 0.0 0.013255203591679613
47.04 5.777447647246381 80.6660396514616 9.020853876523697 2.567434224075286 69.07651181248116 0.7630795700044054 0.09965224236956811 0.028362124147861992 0.00037157600227497793 0.005254396597347179 0.0 0.013275598291560884
48.0 5.777218703394406 80.66485499924299 9.0199847549654 2.56715247427321 69.0764779996113 0.7630797072560399 0.0996427079897815 0.028359030675593727 0.0003715785063188058 0.005302817666548381 0.0 0.013295448625442593
48.96 5.776996267458688 80.66370229075022 9.01913912019792 2.566878238778571 69.07644513028552 0.7630798408606406 0.09963343121628859 0.028356019686120636 0.0003715809518064891 0.005349930434758377 0.0 0.013314769650860954
49.92 5.776781092800467 80.66258555444387 9.018319923704961 2.566612482300431 69.07641331687549 0.763079970344787 0.09962444443059644 0.028353101772972237 0.0003715833288680045 0.005395570451928141 0.0 0.013333493415351266
50.88 5.776572203332296 80.66150000638113 9.017523648276766 2.566354079034544 69.07638241831464 0.7630800962550165 0.09961570905441741 0.028350264578104325 0.00037158564909349414 0.005439933640736392 0.0 0.013351699197284959
51.84 5.776369338716269 80.66044428808378 9.016749297097336 2.5661027062248563 69.07635239566102 0.7630802187513519 0.09960721415422812 0.028347504558345116 0.00037158791489211025 0.005483075533241301 0.0 0.013369409754745232
52.8 5.776172241917761 80.65941726810729 9.015996034493305 2.5658581038378716 69.07632321313964 0.763080337956621 0.09959895056656966 0.0283448188605499 0.00037159012442600757 0.005525042665998878 0.0 0.013386643389431959
53.76 5.775981410065302 80.65842164513816 9.015265836438601 2.565620919902551 69.07629494550231 0.7630804535543169 0.0995909399717281 0.028342214601333772 0.00037159227831485577 0.0055657249367333855 0.0 0.013403354452683204
54.72 5.775795903831934 80.65745259065294 9.01455515944774 2.56539000780955 69.07626745418992 0.7630805661050282 0.09958314349903118 0.02833967919217441 0.0003715943807808852 0.005605319755748602 0.0 0.013419623720702267
55.68 5.775616299460391 80.65651319931324 9.01386627047191 2.5651661092224827 69.07624082532864 0.7630806752444091 0.09957558602003255 0.028337220777443724 0.00037159642683431564 0.005643700812574816 0.0 0.01343539895177985
56.64 5.77544202403902 80.65560065100887 9.013197096451044 2.564948559858232 69.07621497607062 0.7630807812952053 0.09956824479619471 0.028334832065123567 0.000371598423364135 0.0056809835867493805 0.0 0.01345072692581858
57.6 5.775272860112123 80.65471387804651 9.012546852338849 2.5647371087168627 69.07618987473825 0.763080884380711 0.09956111121779279 0.02833251030028144 0.00037160037175896273 0.005717211805480182 0.0 0.013465625326167492
58.56 5.775108404812943 80.65385082611681 9.011914030005853 2.564531268831269 69.07616546206268 0.7630809847372682 0.09955416874107516 0.028330250136559 0.0003716022756398183 0.005752469488737552 0.0 0.013480128461341789
59.52 5.774949071868805 80.65301375657155 9.011300284833895 2.5643315837920237 69.07614180047975 0.7630810820994013 0.09954743552915986 0.028328057543793552 0.0003716041294838576 0.005786664395618029 0.0 0.013494198036863447
60.48 5.77479456229865 80.65220115220535 9.010704502843693 2.564137694396952 69.07611884592411 0.7630811766414491 0.0995408993626808 0.02832592857857353 0.00037160593685098514 0.0058198585843313244 0.0 0.013507859360186641
61.44 5.774644646494186 80.65141194354644 9.010125896031548 2.5639493515438168 69.07609656599708 0.7630812684842828 0.09953455159972541 0.028323860507087642 0.00037160770048001084 0.005852095943514237 0.0 0.013521129966995817
62.4 5.774499160015884 80.65064530857859 9.009563860431173 2.5637663612966923 69.07607493656161 0.7630813577220958 0.09952838561578095 0.02832185120044949 0.0003716094213297825 0.005883410117605732 0.0 0.013534023522760426
63.36 5.774357722362314 80.6498993189864 9.009016980183102 2.563588266876723 69.07605390188735 0.7630814445772159 0.09952238587965777 0.028319895643892583 0.00037161110325370804 0.00591387998322357 0.0 0.013546572201597112
64.32 5.774220287233343 80.64917375687135 9.008485094630098 2.563415017693126 69.07603345531732 0.7630815290741403 0.09951655062981021 0.028317993282327755 0.0003716127461965631 0.005943514488013038 0.0 0.01355877957274254
65.28 5.77408720592551 80.64847055622246 9.007969619337581 2.5632470792367776 69.0760136498324 0.7630816109854136 0.09951089539826967 0.028316149227945623 0.00037161434681866595 0.00597223475274037 0.0 0.013570612841434179
66.24 5.773957688871009 80.64778559522827 9.007467531309299 2.5630834693766853 69.07599436863865 0.7630816907896469 0.09950538702128633 0.028314352697006398 0.0003716159138220709 0.006000209201531476 0.0 0.013582141192496247
67.2 5.7738322820479375 80.64712180187968 9.006980975549919 2.5629248895412835 69.07597569336939 0.7630817681445422 0.09950004903281194 0.028312611392127374 0.0003716174377072733 0.0060273183176567735 0.0 0.013593315216753492
68.16 5.773710216042496 80.6464751902304 9.006507028242101 2.562770391279975 69.07595751023906 0.7630818435112549 0.09949484935758872 0.028310914899540948 0.00037161893051780993 0.006053724996063649 0.0 0.013604201719253453
69.12 5.7735921689407945 80.64584931183515 9.006048293244461 2.562620821880532 69.07593991975044 0.7630819164787777 0.09948981656277692 0.028309272523027108 0.0003716203827680066 0.006079284160732204 0.0 0.013614741028649015
70.08 5.773477743908502 80.64524220543106 9.00560332929468 2.5624757186655738 69.0759228645241 0.7630819872700622 0.09948493483860785 0.028307679183236064 0.0003716218000760607 0.006104076100339623 0.0 0.013624965720883443
71.04 5.7733665332313295 80.64465170565356 9.005170549368485 2.5623345642390776 69.07590628355958 0.7630820561378435 0.0994801867742992 0.02830612919893988 0.00037162318467388937 0.006128189237549736 0.0 0.013634912250069322
72.0 5.773258626921121 80.64407833719336 9.004750336610648 2.562197486135243 69.07589019088083 0.7630821230200308 0.0994755765745062 0.028304623971081272 0.000371624536588669 0.006151602219668975 0.0 0.01364457163091631
72.96 5.773153557293205 80.64351981638288 9.00434101230917 2.5620639467162167 69.07587451910362 0.7630821881777348 0.0994710858257504 0.028303157597720705 0.0003716258636130865 0.00617440855766317 0.0 0.013653981706341467
73.92 5.773051757663957 80.64297805360009 9.003943986063536 2.561934387051618 69.07585932800048 0.7630822513976278 0.09946672998633826 0.02830173491907394 0.00037162715361639686 0.006196529753923776 0.0 0.013663111481370007
74.88 5.772952963925325 80.64245201256793 9.003558489270592 2.5618085744818564 69.0758445825174 0.7630823127911431 0.09946250063061683 0.028300353383463404 0.0003716284141064383 0.006218008593172912 0.0 0.013671977286012698
75.84 5.772856718055717 80.64193926925086 9.003182744952523 2.561685929879466 69.07583021466078 0.7630823726413826 0.09945837826344922 0.028299006631752468 0.0003716296505139868 0.0062389440828227154 0.0 0.013680619918215712
76.8 5.772763681269913 80.64144323193209 9.00281925354332 2.5615672642158858 69.07581632140075 0.7630824305523448 0.0994543903160042 0.028297703568347866 0.0003716308535752061 0.006259196915812664 0.0 0.0136889822755739
77.76 5.772673258826932 80.64096089385266 9.002465807533566 2.5614518648572013 69.0758028160382 0.7630824868714066 0.09945051257224295 0.028296436369259527 0.0003716320310964653 0.00627889007208234 0.0 0.013697114534280354
78.72 5.772585156583068 80.6404906056305 9.00212120021984 2.5613393340304915 69.0757896536276 0.7630825417929482 0.09944673179190748 0.02829520066596086 0.00037163318464369764 0.006298090794496279 0.0 0.013705044733340803
79.68 5.7725000417463495 80.64003607480295 9.00178814451311 2.5612305650258387 69.0757769355961 0.7630825948804908 0.09944307774189826 0.028294006268989966 0.00037163430872976216 0.006316647910153042 0.0 0.013712709924481089
80.64 5.7724173256866695 80.63959408255249 9.001464283808497 2.561124784624362 69.07576457286943 0.763082646511073 0.09943952456614662 0.028292844687040065 0.0003716354076038197 0.0063346927310124 0.0 0.013720164593339777
81.6 5.772337154754377 80.63916548075808 9.001150240276031 2.56102219959044 69.0757525884118 0.7630826965843465 0.09943607909200175 0.028291718191256893 0.00037163648176799453 0.006352190584429465 0.0 0.013727394166280948
82.56 5.7722592561353725 80.63874877277354 9.000844918379137 2.560922450309021 69.07574094069136 0.7630827452753305 0.09943272929957513 0.028290622832419843 0.0003716375322434747 0.006369202514448114 0.0 0.013734423985793475
83.52 5.772183745886486 80.6383446258352 9.000548805695262 2.5608256984766467 69.07572964768612 0.7630827925046881 0.09942948053918417 0.028289560386585654 0.00037163855761677896 0.006385701349286656 0.0 0.013741242656715195
84.48 5.772110207914208 80.63795083475402 9.000260285991708 2.560731417075869 69.0757186473996 0.763082838529974 0.09942631507909089 0.02828852506671904 0.0003716395628795186 0.006401777140085258 0.0 0.013747887303326937
85.44 5.772038716061326 80.63756789848834 8.9999797222347 2.560639729836448 69.07570795210346 0.7630828832897932 0.09942323690346902 0.028287518232411324 0.0003716405486112924 0.0064174096518145205 0.0 0.013754349193415446
86.4 5.771969219719601 80.63719542914163 8.99970683293025 2.5605505392255177 69.07569755292218 0.763082926832945 0.09942024292199551 0.02828653881174276 0.0003716415133366786 0.006432614581465454 0.0 0.0137606352216254
87.36 5.771901887745825 80.63683439581084 8.999442326572543 2.5604640800637033 69.0756874756606 0.7630829690438053 0.09941734090919833 0.02828558938390432 0.0003716424558591002 0.006447352445237419 0.0 0.013766728837266
88.32 5.771836244400532 80.63648226552911 8.999184346954852 2.560379746429329 69.07567764941462 0.7630830102188334 0.09941451050033615 0.028284663295339654 0.00037164338102539803 0.006461726665877038 0.0 0.013772672722642772
89.28 5.771772851062189 80.63614205876469 8.998935106417807 2.5602982622273815 69.07566815848412 0.7630830500043488 0.09941177596788174 0.028283768495465666 0.0003716442832603401 0.006475613976201594 0.0 0.013778415884976351
90.24 5.771711176224659 80.63581094348082 8.998692529976951 2.560218950012334 69.07565892318902 0.7630830887299287 0.09940911454710044 0.028282897545362173 0.00037164516745808005 0.006489129986277397 0.0 0.013784006043547702
91.2 5.771651407592511 80.635489771129 8.998457244985259 2.5601420075197154 69.07564996991958 0.7630831263006178 0.09940653311821224 0.02828205261517386 0.00037164603109948735 0.006502239758353486 0.0 0.013789429299085608
92.16 5.771593190314249 80.63517715521992 8.998228223189829 2.5600671234547714 69.0756412516806 0.7630831628662645 0.099404020409072 0.02828123029072819 0.00037164688229316805 0.006515000529889419 0.0 0.013794707490746431
93.12 5.771536745082006 80.63487375510846 8.99800596014658 2.559994434713607 69.0756327954101 0.7630831983620241 0.09940158184711388 0.028280432071006823 0.00037164771161620033 0.006527384746696831 0.0 0.013799831070151196
94.08 5.771481915520167 80.63457893888176 8.99778998805898 2.559923798359474 69.07562457990502 0.7630832328561477 0.09939921230406708 0.02827965638819806 0.00037164852528463185 0.006539418449176906 0.0 0.013804810070420313
95.04 5.771428792389688 80.63429321447421 8.997580678350117 2.5598553369166406 69.07561661916496 0.7630832662893847 0.09939691585528472 0.028278904587945335 0.00037164932148338087 0.006551080941061614 0.0 0.013809635859062268
96.0 5.771377067366208 80.63401494601753 8.99737683226092 2.5597886593253034 69.07560886709764 0.763083298852267 0.09939467934904576 0.02827817237606631 0.0003716501046875293 0.006562439013026238 0.0 0.013814335981060868
