time_d pH Ptot_atm pH2_atm pCO2_atm pCH4_atm CH4_g_mol H2_g_mol CO2_g_mol SO4 Formate Acetate Ca
0.0 7.0 4.2109916144242145 0.0 4.2109916144242145 0.0 0.0 0.0 0.0 0.00037000000000000113 0.0 1.0000000000000004e-06 0.004099999999999999
0.96 5.769603968878404 81.43332364482804 9.118893844767076 3.1872278625092854 69.12490599422513 0.7654132891368705 0.10097261516119464 0.0352918608189361 0.00037216196738298684 8.741414245532348e-05 1.914326929118453e-11 0.010843983380946694
1.92 5.768474566489983 81.42859172336203 9.115380584306955 3.1861795529558075 69.12473534974494 0.7654137868164221 0.1009340279713606 0.0352803630243957 0.0003721667483340598 0.00028337416682984267 1.4135251090566304e-16 0.010917612632945174
2.88 5.767395985592559 81.42399100607228 9.111968098751559 3.185154834892319 69.12457155786883 0.7654142740037011 0.10089654503259973 0.035269122406014854 0.0003721716865011825 0.0004737275186042967 3.910576650037488e-21 0.010989604477573826
3.84 5.766353484658436 81.41951885726245 9.1086521299269 3.1841568766046224 69.12441306777743 0.765414748757627 0.10086012122388448 0.035258174753984364 0.0003721765601015951 0.0006587019614963151 0.0 0.011059718923939997
4.8 5.765345921688123 81.41517270984863 9.105430664856748 3.183185283343012 69.12425971976423 0.7654152112386478 0.10082473452897149 0.03524751579167982 0.00037218136491277124 0.0008384093148674367 1.4510826961530779e-24 0.011127983434838298
5.76 5.764372089795464 81.41094932399072 9.102301208278964 3.1822394829929954 69.12411134100994 0.7654156616949399 0.1007903576209821 0.035237139289047884 0.0003721861005278437 0.001012988373247348 0.0 0.011194438025540163
6.72 5.763430340545651 81.40684408794978 9.09926023128944 3.1813186259795327 69.12396769777638 0.7654161005042328 0.10075695183116319 0.03522703597983237 0.00037219076290261586 0.001182635512331429 0.0 0.01125914202136147
7.68 5.762520756255863 81.40285861953885 9.096308867943957 3.1804231786518913 69.1238288074626 0.7654165274254618 0.10072452967675821 0.035217211013114764 0.0003721953500438587 0.0013472871934160128 0.0 0.011322062649849042
8.64 5.7616403773837535 81.39898242406876 9.093439240761734 3.179550955642844 69.12369423741966 0.7654169434769298 0.10069300470903135 0.03520764046171065 0.0003721998607971987 0.0015073824333805884 0.0 0.011383353088150588
9.6 5.760789356274992 81.39521749842791 9.090652765250152 3.178702508233292 69.12356401775688 0.765417348379296 0.1006623925355521 0.03519833040600407 0.00037220429584522484 0.0016628419924235372 0.0 0.0114429745352807
10.56 5.759965751300092 81.39155708468076 9.087944360167745 3.177876442664453 69.12343786500665 0.7654177427782791 0.1006326374022231 0.03518926559078057 0.00037220865447258383 0.0018139490170675943 0.0 0.011501024705575201
11.52 5.759168919212392 81.38799973309774 9.085312890602754 3.177072534263233 69.12331568883124 0.7654181267656086 0.10060372689737963 0.03518044358172709 0.00037221293507878255 0.0019607665519151074 0.0 0.011557519266222957
12.48 5.758397933306458 81.38454279874773 9.082756334629194 3.176290290072371 69.12319735891725 0.7654185005596728 0.10057563886272806 0.035171859000552336 0.0003722171381137221 0.002103407134334255 6.016428323582694e-25 0.01161249270601158
13.44 5.757651957485195 81.38118386241047 9.080272845970283 3.17552925680681 69.12308275536759 0.7654188643648695 0.10054835306596663 0.035163506901317636 0.0003722212625957798 0.0022419735234417634 0.0 0.011665976756507445
14.4 5.756929909343073 81.37791929825495 9.077859689766445 3.1747887003186714 69.12297172105981 0.7654192185175689 0.10052183950658264 0.0351553792532105 0.0003722253083016071 0.002376618082822203 0.0 0.01171802290035478
15.36 5.756231161577212 81.37474750115163 9.075515627377422 3.1740683414339186 69.12286416849626 0.7654195631386513 0.10049608462173502 0.03514747301784828 0.00037222927525281757 0.0025074096990106687 0.0 0.011768650639420203
16.32 5.755554737153518 81.37166516296543 9.073238166249265 3.1733675063859685 69.12275995559405 0.7654198985386905 0.10047106106726031 0.035139780823711574 0.0003722331646061668 0.0026344872449272764 0.0 0.011817907225568266
17.28 5.754900306796885 81.36867187294064 9.07102695737163 3.172686176051048 69.122659039628 0.7654202247151868 0.10044676504885677 0.03513230248319978 0.00037223697447984395 0.0027578699987420444 0.0 0.011865793905133617
18.24 5.754266371292205 81.36576176776275 9.068877627688384 3.172023083272419 69.12256119710013 0.7654205422641851 0.10042314855372078 0.035125024108255146 0.0003722407078134068 0.002877801794101109 0.0 0.011912399650688674
19.2 5.753652864572519 81.36293543256987 9.066790572154893 3.1713784219335017 69.12246642427664 0.7654208510846738 0.1004002159550433 0.03511794784531868 0.00037224436286492787 0.0029942604336757254 0.0 0.011957710771945478
20.16 5.753059008835056 81.36019031031924 9.064763861073324 3.1707516759128813 69.12237460971987 0.7654211514141005 0.10037794608511477 0.03511106804903186 0.0003722479399319729 0.0031073534200594926 0.0 0.01200176343619462
21.12 5.752483769765566 81.35752227480782 9.062794420315134 3.170141949034072 69.12228559726019 0.7654214436758433 0.10035630519164662 0.03510437489625867 0.000372251441863125 0.003217252170457669 0.0 0.012044620609379393
22.08 5.7519262769324095 81.3549283428222 9.060880006745334 3.16954862595992 69.12219926191892 0.76542172815363 0.10033526866059342 0.03509786165162384 0.00037225487534158847 0.003324081683572192 0.0 0.012086325407152895
23.04 5.751387156102324 81.35241196622466 9.059023144412931 3.1689725341609254 69.12211570418695 0.765422004445482 0.10031486424978969 0.03509153741064984 0.0003722582284024739 0.003427701010335659 0.0 0.012126819666903741
24.0 5.750864382717292 81.34996448763687 9.057217413978345 3.1684117425265157 69.12203461661481 0.7654222734700882 0.10029502144692534 0.03508538098901687 0.00037226151223431934 0.0035284682379431304 0.0 0.012166239043009359
24.96 5.750357473384455 81.34758419683745 9.0554615308101 3.1678658960694115 69.12195592846963 0.7654225353917963 0.10027572615618845 0.03507938850089082 0.00037226472370912943 0.0036264549575833814 0.0 0.012204608460669902
25.92 5.749866810093946 81.34527353588508 9.053757270714222 3.167335596437797 69.12187970444033 0.7654227899157714 0.10025699791456044 0.035073566563832426 0.00037226786082141336 0.003721561961684581 0.0 0.01224188557751331
26.88 5.749391506865428 81.34302912618207 9.052102111830788 3.1668201171344026 69.12180581405157 0.7654230373841062 0.10023880903508414 0.03506790721630328 0.000372270934082987 0.003813929854818527 0.0 0.012278121363101078
27.84 5.7489307983053335 81.34084778127729 9.050493686399372 3.1663187549308582 69.12173414164305 0.7654232781293923 0.10022113351419207 0.03506240274646325 0.0003722739359817648 0.0039036906989324085 0.0 0.012313365241134081
28.8 5.748483989088994 81.33872651976658 9.048929782739734 3.1658308465865685 69.12166458055303 0.7654235124667977 0.10020394706074079 0.03505704587963757 0.0003722768743319048 0.00399096786104659 0.0 0.01234766384350742
29.76 5.748050841435471 81.3366649645428 9.047410095325237 3.1653563501771242 69.12159710105355 0.7654237404104789 0.10018724634032167 0.03505183616849271 0.00037227974671785437 0.004075778274209278 0.0 0.01238102001554006
30.72 5.74763114309552 81.33466242612928 9.04593410249451 3.1648951287208718 69.12153167225328 0.7654239620227355 0.1001710256329897 0.03504677211584045 0.0003722825514681018 0.004158150994232639 0.0 0.012413443389796573
31.68 5.747224567862645 81.33271795379758 9.044501080996406 3.1644469994801243 69.12146824932137 0.7654241773850389 0.10015527700910716 0.035041851725778554 0.0003722852955485377 0.004238126291432573 0.0 0.012444946739193368
32.64 5.746830589661595 81.33082921424695 9.043109302914273 3.1640114386377745 69.12140675055751 0.7654243867488373 0.10013998148895442 0.03503706925163142 0.00037228797061653025 0.004315800560422512 0.0 0.012475566916265394
33.6 5.746448772389437 81.32899471933463 9.041757649812288 3.1635881382828988 69.12134711404751 0.7654245902562024 0.100125126798963 0.03503242132265182 0.0003722905859895688 0.004391236129360208 0.0 0.012505325485134266
34.56 5.746078665271832 81.32721248130429 9.040444649153939 3.1631766527154506 69.12128927015704 0.7654247881191333 0.10011069676438916 0.03502790304923378 0.00037229313898943356 0.004464515145976508 0.0 0.01253425380032632
35.52 5.745719777476449 81.32548073651904 9.039168980541215 3.1627766092242844 69.12123314822666 0.7654249805124447 0.10009667689158928 0.035023510348755775 0.0003722956361764057 0.0045357112115269535 0.0 0.012562377973720899
36.48 5.7453711785865815 81.32379503087608 9.03792735977198 3.162386983786915 69.12117860214742 0.7654251679271542 0.10008303109084696 0.035019231978869546 0.0003722980785747713 0.0046050076074186826 0.0 0.012589770039820158
37.44 5.745033293648372 81.32215789646366 9.03672163514264 3.162008389217038 69.12112570299537 0.765425350065195 0.100069779690024 0.03501507467670977 0.0003723004636771652 0.004672301104553885 0.0 0.01261638685592195
38.4 5.744706185016155 81.32056986382743 9.035552188114833 3.1616409627268407 69.12107446265459 0.7654255268568494 0.10005692688955464 0.03501103995337843 0.0003723027884975336 0.004737570377121462 0.0 0.012642218775587338
39.36 5.744388749293469 81.31902587204826 9.03441528104795 3.161283551212439 69.12102471067236 0.7654256988565756 0.10004443162131196 0.03500711515205174 0.0003723050608806866 0.00480102398214404 0.0 0.012667346836214198
40.32 5.7440804955893485 81.31752380678252 9.033309346865977 3.160935681482668 69.12097637284674 0.7654258662885434 0.10003227667078324 0.03500329508128963 0.00037230728337922547 0.004862749340842725 0.0 0.01269180428096047
41.28 5.743782061212938 81.31606701270194 9.032236839313851 3.160598142712235 69.12092955108396 0.76542602877098 0.10002048901457249 0.03499958841169574 0.0003723094503623152 0.0049226094639064424 0.0 0.012715535617940338
42.24 5.743492065729318 81.3146488670125 9.031192877722102 3.1602694083940643 69.12088402942346 0.7654261870381776 0.10000901501593638 0.03499597838269992 0.0003723115688414935 0.004980876735211482 0.0 0.012738648172133299
43.2 5.743210792764068 81.31327112334034 9.03017874035331 3.159949905557049 69.12083985626447 0.765426340879131 0.09999786873380806 0.034992469689379614 0.0003723136388808044 0.00503747975938821 0.0 0.012761111873080011
44.16 5.742938005893763 81.31193272743712 9.029193646721033 3.159639396841371 69.12079699514537 0.7654264904096784 0.09998704159528918 0.03498905972773608 0.00037231565861639625 0.0050924620772455865 0.0 0.012782943418460204
45.12 5.742673725892747 81.3106340396152 9.028237852964827 3.159337980711893 69.12075545177514 0.7654266355786383 0.09997653642291583 0.03498574958317897 0.0003723176295170092 0.005145809356402815 0.0 0.012804135860267584
46.08 5.742416854116182 81.30936981745766 9.027307494942805 3.159044449875098 69.12071505489868 0.7654267769673547 0.09996631075164365 0.034982526000328314 0.00037231955756902 0.005197737245986526 0.0 0.012824774066005483
47.04 5.742168272347609 81.30814451432322 9.02640584550378 3.158759845690333 69.12067594388313 0.7654269140725741 0.09995640055815047 0.03497940041776668 0.00037232143500400656 0.005248063052885491 0.0 0.012844784831510518
48.0 5.741926521788147 81.30695117035566 9.025527775218723 3.1584825645142613 69.12063789158098 0.765427047665827 0.09994674947096564 0.03497635522777315 0.00037232327207026343 0.005297073042974114 0.0 0.012864280867996509
48.96 5.741692662342162 81.30579516155171 9.024677234400329 3.1582138641142428 69.12060106616828 0.7654271771379733 0.09993740091331425 0.03497340424598361 0.0003723250624840359 0.0053445467067766515 0.0 0.012883173746445865
49.92 5.74146578911328 81.30467214549199 9.023851023276208 3.1579527429618617 69.12056532630162 0.7654273029715334 0.09992831972029195 0.03497053647567142 0.00037232681026630297 0.005390662621180219 0.0 0.012901533872059183
50.88 5.74124495284299 81.30357758933705 9.023045801274153 3.1576981564490096 69.12053052408554 0.7654274256684451 0.09991946917945556 0.03496774044713749 0.00037232852149431226 0.005435607219523878 0.0 0.012919434666481967
51.84 5.741031420624741 81.30251779612892 9.022266203815752 3.157451572980309 69.12049685904805 0.765427544520588 0.09991090024269679 0.034965032288234214 0.00037233018676754255 0.005479121763101871 0.0 0.012936772916075754
52.8 5.740823556843369 81.3014848996661 9.021506436132295 3.1572111757295107 69.12046407617592 0.7654276604023167 0.099902549223607 0.034962392049042085 0.0003723318168141882 0.005521529661932285 0.0 0.012953676309382421
53.76 5.740622414442631 81.30048416539444 9.020770369795045 3.1569781929603975 69.1204323413389 0.765427772720299 0.09989445867882665 0.034959833220325656 0.0003723334064913943 0.005562614808926174 0.0 0.012970058508906028
54.72 5.740426547752033 81.29950856738473 9.020052831340974 3.15675099795546 69.12040142843001 0.7654278822576154 0.09988657174835958 0.03495733793860352 0.0003723349623268492 0.005602665949150899 0.0 0.01298603385749281
55.68 5.740236671373742 81.29856169576091 9.019356459790409 3.1565304292118452 69.12037145023129 0.765427988610098 0.0998789174412241 0.03495491541394352 0.00037233648179842155 0.005641535772982124 0.0 0.013001543417230369
56.64 5.740052602977879 81.2976427285329 9.018680647465409 3.1563163004034465 69.12034237871086 0.765428091866154 0.09987148908096032 0.03495256360148063 0.00037233796208161005 0.005679258185926995 0.0 0.013016600284408248
57.6 5.739873941646925 81.296749817505 9.018024030021703 3.1561081891489406 69.12031415229762 0.7654281922281841 0.09986427167511444 0.03495027786443937 0.0003723394089430087 0.00571590932233648 0.0 0.013031234134364682
58.56 5.739700203115664 81.29588058821024 9.017384859585125 3.1559055449614886 69.12028669476604 0.7654282899632315 0.09985724601385078 0.03494805215783381 0.000372340824059031 0.005751586735439974 0.0 0.013045483672169149
59.52 5.7395318787356775 81.29503761572116 9.016765025771068 3.1557089746410725 69.12026008489227 0.7654283847755176 0.09985043287041366 0.03494589314801375 0.00037234220552018893 0.005786184934901231 0.0 0.013059306224204504
60.48 5.739368756123026 81.2942198170842 9.016163732501191 3.1555182254065066 69.1202342885311 0.7654284767872357 0.09984382349508679 0.03494379805876233 0.0003723435514640198 0.0058197483564727355 0.0 0.01307271958224769
61.44 5.739210211548644 81.29342427327379 9.015578826860805 3.1553326270716093 69.12020920960097 0.7654285663203803 0.09983739422828333 0.03494175953205876 0.0003723448679575029 0.0058523971456202585 0.0 0.013085770826131698
62.4 5.73905599138761 81.29264967709229 9.015009348413871 3.1551518734782484 69.12018480743696 0.7654286535224367 0.0998311345126878 0.03493977420498344 0.0003723461567163258 0.005884184916935705 0.0 0.013098481501617855
63.36 5.738906554850608 81.29189841690798 9.014457050319015 3.1549765265500587 69.12016115543683 0.765428738123719 0.09982506362207634 0.03493784825101574 0.0003723474136381846 0.005915013796547505 0.0 0.013110812093327878
64.32 5.7387611765901205 81.29116695249257 9.01391932659017 3.154805765632148 69.12013813983344 0.765428820516902 0.09981915291370205 0.03493597265774703 0.0003723486446086936 0.0059450292354369175 0.0 0.013122820284139759
65.28 5.73862070390802 81.29045942364925 9.013399223689644 3.154640551687841 69.12011589321484 0.7654289002396751 0.09981343587272076 0.03493415797894586 0.0003723498397288647 0.005974061195962034 0.0 0.013134438554049162
66.24 5.738484105557192 81.28977099652509 9.012893177402619 3.154479773852352 69.12009425654882 0.7654289778262554 0.09980787332904226 0.03493239201784492 0.0003723510111365861 0.0060023085846165935 0.0 0.013145744926113367
67.2 5.738351469867904 81.28910201481975 9.01240144313545 3.1543235078891088 69.12007324238849 0.765429053240186 0.09980246808853298 0.03493067560556315 0.0003723521592298704 0.006029757156308654 0.0 0.013156734107707855
68.16 5.738222992994654 81.28845340610113 9.011924704198824 3.15417196788547 69.1200528809531 0.7654291263785077 0.09979722766150129 0.03492901109307041 0.00037235327652121035 0.0060563687756065125 0.0 0.013167391071956363
69.12 5.738098007357318 81.2878220023914 9.011460625970395 3.1540244237962662 69.12003306876568 0.7654291975920551 0.09979212638998144 0.034927390464282525 0.00037235436946176455 0.00608227373473802 0.0 0.01317776710503178
70.08 5.7379765269601055 81.28720785186846 9.011009244222906 3.153880886073375 69.12001380778321 0.7654292668758607 0.09978716466709213 0.03492581383390049 0.00037235544051811954 0.006107470039261119 0.0 0.01318786148482356
71.04 5.737858634857694 81.28661138841197 9.010570877357857 3.153741457199799 69.11999511102124 0.7654293341803302 0.09978234599364465 0.03492428232796162 0.0003723564862822889 0.006131939912681712 0.0 0.013197667010829736
72.0 5.737744432179157 81.28603318025783 9.010145940915493 3.153606272984172 69.11997699539073 0.7654293994397436 0.09977767493887921 0.03492279743909299 0.00037235750682580086 0.006155660152196704 0.0 0.013207174128317175
72.96 5.737633058011104 81.28546894351365 9.009731284478677 3.153474335732065 69.1199593248988 0.765429463134464 0.09977311687429452 0.03492134820948908 0.00037235850793695984 0.006178806605322761 0.0 0.01321645297023833
73.92 5.73752485411933 81.28492040636984 9.009328177759965 3.1533460495893166 69.1199421539612 0.7654295250704309 0.09976868575722987 0.03491993907849213 0.0003723594888052316 0.006201308396551362 0.0 0.013225475129361475
74.88 5.737420131734952 81.2843891546982 9.008937785975625 3.1532217862471743 69.11992553161879 0.7654295850672685 0.09976439439691843 0.0349185741291238 0.000372360443217254 0.006223100479483586 0.0 0.013234214477387424
75.84 5.737318405571894 81.28387279695609 9.008558349356347 3.1531009898049946 69.1199093818787 0.7654296433931105 0.09976022345086596 0.03491724725618323 0.0003723613780553159 0.006244281077677363 0.0 0.013242710086966487
76.8 5.737219321538952 81.28336955866575 9.008188563196452 3.152983246414614 69.11989364873008 0.7654297002476164 0.09975615857789462 0.0349159539141992 0.0003723622944571811 0.006264923017985135 0.0 0.01325099105452422
77.76 5.737123675950598 81.2828834589315 9.007831381353828 3.152869495573335 69.11987845811757 0.7654297551770645 0.0997522322481264 0.03491470442283713 0.0003723631872158373 0.006284861414363514 0.0 0.013258991337362493
78.72 5.7370305067015 81.28240972819309 9.0074832957009 3.1527586270296424 69.11986365862269 0.7654298087168913 0.09974840590116933 0.034913486588154054 0.00037236406257181305 0.00630429207998159 0.0 0.01326678897088766
79.68 5.736940077453274 81.28194965406833 9.007145253601815 3.152650939744601 69.11984929160342 0.7654298607231291 0.09974468995001737 0.03491230369354124 0.00037236491877779443 0.0063231621382566165 0.0 0.013274362953299946
80.64 5.736852042597265 81.28150152447643 9.006815995754614 3.152546035350056 69.1198353025638 0.7654299113876005 0.09974107055293437 0.03491115136376221 0.00037236575812454577 0.00634154187897836 0.0 0.013281741285765921
81.6 5.736766586703314 81.28106630815641 9.006496232918805 3.152444142198241 69.11982172117597 0.7654299605999784 0.09973755552383494 0.03491003210762948 0.00037236657995354044 0.006359391622362741 0.0 0.013288907910089121
82.56 5.736683638964404 81.28064363597657 9.006185694063186 3.1523451736216006 69.11980853598972 0.7654300084019602 0.09973414188342833 0.03490894497311383 0.00037236738337722853 0.006376726498402056 0.0 0.01329586892563383
83.52 5.736603237591806 81.2802337394648 9.005884548148405 3.152249185768785 69.11979575343261 0.7654300547660892 0.09973083149003972 0.03490789057753135 0.0003723681690160549 0.006393537070224487 0.0 0.013302620379501551
84.48 5.736524863065494 81.27983397411387 9.00559085204198 3.152155559557143 69.11978329108537 0.7654300999916878 0.09972760298365811 0.03490686212056171 0.0003723689402457524 0.006409931807250989 0.0 0.013309205800873568
85.44 5.736449126446168 81.27944752378481 9.005306942796569 3.1520650441325246 69.11977124675902 0.7654301437161776 0.09972448205641121 0.03490586783228537 0.00037236969303469067 0.0064257802409414784 0.0 0.01331557250532266
86.4 5.736375207934827 81.27907017962303 9.005029729102146 3.1519766524214177 69.11975948978233 0.7654301864164226 0.0997214347260385 0.03490489686967037 0.00037237043326649995 0.00644125493826125 0.0 0.013321789901720804
87.36 5.736303705846252 81.27870497868126 9.00476144249093 3.1518910952673918 69.11974811497909 0.7654302277491101 0.099718485523005 0.0349039570410525 0.0003723711552563488 0.006456231331474629 0.0 0.013327808018872745
88.32 5.736234281711517 81.27835027042775 9.004500868014834 3.151807989715162 69.1197370696367 0.7654302678992377 0.09971562109339756 0.03490304414075298 0.0003723718660073985 0.006470777232590555 0.0 0.013333653765480473
89.28 5.736166567829077 81.27800414905015 9.004246606531382 3.151726888043401 69.11972629471755 0.7654303070824737 0.09971282605639997 0.03490215325033134 0.00037237255855135826 0.006484970747732534 0.0 0.013339358630117837
90.24 5.736101071066522 81.27766921663897 9.0040005690558 3.151648400678173 69.11971587099436 0.7654303450041694 0.09971012141975769 0.03490129107545179 0.00037237323778399687 0.006498705197561132 0.0 0.013344879693190386
91.2 5.736037268687003 81.27734284503899 9.00376082365018 3.1515719138528446 69.11970571588803 0.7654303819606442 0.09970748594708871 0.034900450874532106 0.00037237390539144157 0.006512088422443896 0.0 0.01335026009982356
92.16 5.735975547963318 81.27702698433708 9.00352880358122 3.151497883280723 69.11969589060067 0.7654304177319173 0.0997049353935203 0.03489963765323577 0.00037237455757733166 0.006525040417082117 0.0 0.01335546781891278
93.12 5.7359155648902655 81.27671988353784 9.003303222365545 3.1514258990325903 69.11968634046525 0.7654304525157951 0.099702455617263 0.034898846908658715 0.00037237519592452935 0.006537632995191356 0.0 0.013360531672015818
94.08 5.735857251945933 81.27642133945905 9.00308392660477 3.151355920312218 69.11967705647538 0.7654304863311329 0.09970004493507996 0.03489807819443881 0.0003723758269232213 0.006549874702024093 0.0 0.01336545449477766
95.04 5.73580063660855 81.27613130382481 9.002870886286455 3.1512879269275396 69.11966804056964 0.7654305191885971 0.09969770301327187 0.034897331286496476 0.00037237644213970435 0.006561767236026339 0.0 0.013370237754619433
96.0 5.735745728252427 81.27584987836876 9.0026641744508 3.151221945313248 69.11965929500795 0.7654305510754553 0.09969543065591975 0.03489660647591412 0.0003723770433173386 0.006573306513466317 0.0 0.013374879581668416
